-4.827024447092195802e-01 -3.189599930475140788e+00 1.685628659026188414e+00 6.426347964390762835e-01 7.244459464384707115e-01 2.421538958564324051e-01 -5.966640441762489921e-02
-4.726472248074128357e-01 -3.185052565834220140e+00 1.688857560308441252e+00 6.402544068925284382e-01 7.263053736606805977e-01 2.428384819957049023e-01 -5.986877573775357259e-02
-4.805377444350206195e-01 -3.193623649638795303e+00 1.685079222418906397e+00 6.408141292373172870e-01 7.261953209224415451e-01 2.416077958868609321e-01 -6.019369241759291861e-02
-4.720580822635515594e-01 -3.178387141333445243e+00 1.687494651099905818e+00 6.405492610473052517e-01 7.266365496954483305e-01 2.409206870939106515e-01 -6.044163588655981217e-02
-4.737971580483567036e-01 -3.191996988448297934e+00 1.688299500475765047e+00 6.410224358781061449e-01 7.256482129969915595e-01 2.428800716262374537e-01 -5.944895694632317679e-02
-4.599822273189301813e-01 -3.191644807204014000e+00 1.687405464150657730e+00 6.419792625839862987e-01 7.247426946374567747e-01 2.430830264605358393e-01 -5.934050242916617812e-02
-4.492485153464003123e-01 -3.180467410395679817e+00 1.696831934592723190e+00 6.438068434857012745e-01 7.232454236219172383e-01 2.428164034096417512e-01 -5.889821496562810954e-02
-4.600164172687338793e-01 -3.187688322106887018e+00 1.692132220558125510e+00 6.460171937812742016e-01 7.212370051883996158e-01 2.428314362534835791e-01 -5.926095892665191739e-02
-4.474363875278462577e-01 -3.191013473111251386e+00 1.689683959528079926e+00 6.469631844911848395e-01 7.210904931464673373e-01 2.410612648804996427e-01 -5.793621648867796486e-02
-4.304701539071378313e-01 -3.186542542634323016e+00 1.699654834805937931e+00 6.472308142996815450e-01 7.219668821285775140e-01 2.377875690752139226e-01 -5.756010878909263023e-02
-4.406636592377546346e-01 -3.194615776802530505e+00 1.697535365525336903e+00 6.519927067932638209e-01 7.181944948779903637e-01 2.359934437487005154e-01 -5.838897432709631158e-02
-4.325803764376956462e-01 -3.199496906539367469e+00 1.686836440209201315e+00 6.538943171042010949e-01 7.171946707626553064e-01 2.338069088445003663e-01 -5.820958396223521042e-02
-4.201313579093449713e-01 -3.188965696108151615e+00 1.695721592153142998e+00 6.546407989962442775e-01 7.179477396170296233e-01 2.295838036569471663e-01 -5.733885738977678725e-02
-4.268562709128774224e-01 -3.175668893052389308e+00 1.700393129540118009e+00 6.590023667581224043e-01 7.137064253425553506e-01 2.299261313664022754e-01 -5.893210624798980030e-02
-4.152472644319694095e-01 -3.180017270382830219e+00 1.705488819584451532e+00 6.598663576482246551e-01 7.135893953033213277e-01 2.280442151876068135e-01 -5.798621279385199334e-02
-4.066562928582169167e-01 -3.165585351601396091e+00 1.711528142963281596e+00 6.620194186628413080e-01 7.122255543264965905e-01 2.260396570606038047e-01 -5.806136851257426984e-02
-4.131883175294378541e-01 -3.156346244881450325e+00 1.704078969127211352e+00 6.649857097091559366e-01 7.094949399933602185e-01 2.255823034655905779e-01 -5.935958532188630871e-02
-3.999571493280880130e-01 -3.159657800383098625e+00 1.694733752946053551e+00 6.656524096665231705e-01 7.095396337792300168e-01 2.232179687520430555e-01 -6.028362984923054529e-02
-3.957560328227394120e-01 -3.149040041015371827e+00 1.694704875448980408e+00 6.663135881045134656e-01 7.085955885467520865e-01 2.240663840753755465e-01 -6.093233728290107371e-02
-3.917187755619917500e-01 -3.139999477728529609e+00 1.689510935460122099e+00 6.672864678202680144e-01 7.071083661823135413e-01 2.256778452840584037e-01 -6.161199953640860566e-02
-3.781427381381830544e-01 -3.146453919817957967e+00 1.685244406549166074e+00 6.675216487532547038e-01 7.066915276861993611e-01 2.266002284916449061e-01 -6.045055491735770725e-02
-3.802036175755084679e-01 -3.135344877492518556e+00 1.683982968743266140e+00 6.704030726700629383e-01 7.039473367891071476e-01 2.264921167876391972e-01 -6.098514749605887103e-02
-3.886046722591708913e-01 -3.142028321592315265e+00 1.682037089330717272e+00 6.719088269783299872e-01 7.020867698247096333e-01 2.275554465239637836e-01 -6.189680624223808242e-02
-3.744490579167093491e-01 -3.144260220441759124e+00 1.678707966641361349e+00 6.719267983517951404e-01 7.017255641600066429e-01 2.285388453474711257e-01 -6.217400122455576938e-02
-3.530524717601531415e-01 -3.133870021546715012e+00 1.688527786914630457e+00 6.759783787785952347e-01 6.955361257937915376e-01 2.361602672038694006e-01 -5.925417566570300582e-02
-3.570845242217866033e-01 -3.142958690592076110e+00 1.685089155966798868e+00 6.786620900683462132e-01 6.924657483072146347e-01 2.376819602479905147e-01 -5.844861587810297465e-02
-3.468527868913303114e-01 -3.138365473554788121e+00 1.687378542603237497e+00 6.791207390523341658e-01 6.922256851218900886e-01 2.370841829479084228e-01 -5.839274648844748616e-02
-3.332794243121839362e-01 -3.135744874097270429e+00 1.694300746696117521e+00 6.809929839546462471e-01 6.901846975246510585e-01 2.372799501049493165e-01 -5.993216486616707861e-02
-3.230335269800544973e-01 -3.139854279637738887e+00 1.695808636333670405e+00 6.828262317204755183e-01 6.884681856141313672e-01 2.370815289768185286e-01 -5.960069873428854720e-02
-3.136629301099166378e-01 -3.135932589501162493e+00 1.699522381307914776e+00 6.840373336091164491e-01 6.879456210344226941e-01 2.353975663409840213e-01 -5.841005469296094849e-02
-3.089217516662594032e-01 -3.121308902461888302e+00 1.697059337311810800e+00 6.861852409778103068e-01 6.849222924172645444e-01 2.375663623940746372e-01 -5.994574107432964344e-02
-3.202314132385489787e-01 -3.125164562514032962e+00 1.695372912660706000e+00 6.889758126950635830e-01 6.814589008049751762e-01 2.380324610884413383e-01 -6.531954916432962388e-02
-3.141721516726422303e-01 -3.135277525427537348e+00 1.689433710747126893e+00 6.880120879152301638e-01 6.824053811035659667e-01 2.363499449639469285e-01 -7.142104899090816195e-02
-2.984219218785898464e-01 -3.143179801207152124e+00 1.694493517007423122e+00 6.877963347837585673e-01 6.821256372478057273e-01 2.367387415059779843e-01 -7.480364387828082606e-02
-3.111305573637347388e-01 -3.149677079483195641e+00 1.693029802651642601e+00 6.905284079773286177e-01 6.790594763447082016e-01 2.366029322666382273e-01 -7.789607054001648767e-02
-2.958882506846125526e-01 -3.149105168482134065e+00 1.692572603267629594e+00 6.920948378966176318e-01 6.775842508268544728e-01 2.357833418341094001e-01 -7.931288736267684547e-02
-2.797390735615543078e-01 -3.140503103102862958e+00 1.699761137707666236e+00 6.941009302843184070e-01 6.758749275310199645e-01 2.341615121936205801e-01 -8.115027492608661852e-02
-2.874905941776185747e-01 -3.150260788577737614e+00 1.690462764769132376e+00 6.963655735151972337e-01 6.741282064898631576e-01 2.314593729191344595e-01 -8.398040203221289468e-02
-2.757777970209839280e-01 -3.158085844487822147e+00 1.688411723592760927e+00 6.963117328965764408e-01 6.758760258931232334e-01 2.264460535229036175e-01 -8.404613671899083260e-02
-2.644520555089074909e-01 -3.157995653139177072e+00 1.701179059507262892e+00 6.965563001624262007e-01 6.771530759606393390e-01 2.230366939542696436e-01 -8.079396989272188967e-02
-2.764844127027635268e-01 -3.158203288136142817e+00 1.695551103715120744e+00 7.004781902394138227e-01 6.728071663593635510e-01 2.238332173154469196e-01 -8.099081874271510384e-02
-2.874885553382393599e-01 -3.153205913856553799e+00 1.692732025808953100e+00 7.029536474898994136e-01 6.705807464420286967e-01 2.222110629848700059e-01 -8.246135742899132759e-02
-2.756104302558084473e-01 -3.145168643101170947e+00 1.696114903025894627e+00 7.003393091051683950e-01 6.732129070460253217e-01 2.224260686551403077e-01 -8.267936799077621468e-02
-2.673897835206150986e-01 -3.150123657828194368e+00 1.690493705294833449e+00 7.004979744217930682e-01 6.723549580103329593e-01 2.242937813557925597e-01 -8.326882919201171462e-02
-2.664107044253951062e-01 -3.149575632784154422e+00 1.679326558728586383e+00 7.006493426482161002e-01 6.724369140295362035e-01 2.232263565875331202e-01 -8.419672809386603840e-02
-2.636871804040297196e-01 -3.140876849395939807e+00 1.689089958126874569e+00 7.013242978208906742e-01 6.734744403131408541e-01 2.202935175541123614e-01 -7.776357537158462563e-02
-2.712855313422257719e-01 -3.134625379411246193e+00 1.687639227538393349e+00 7.018147859113175180e-01 6.733100159032644472e-01 2.206417606505631512e-01 -7.366710403984254307e-02
-2.807601846326022166e-01 -3.132769334872801181e+00 1.684351025182155848e+00 7.034167533836898079e-01 6.723885361964485607e-01 2.186482106095840316e-01 -7.274261095103418118e-02
-2.758433845851749888e-01 -3.126850129009785650e+00 1.695496238317911519e+00 7.009961501016738206e-01 6.762419290908711078e-01 2.146049726294737836e-01 -7.242897627877747935e-02
-2.698187241746256015e-01 -3.127345133191332671e+00 1.704556100710772126e+00 6.987274831773012673e-01 6.776735317271130876e-01 2.161896699638470032e-01 -7.616111376640213870e-02
-2.732819471118940191e-01 -3.132576419643374521e+00 1.697054440632052241e+00 6.973524558591768230e-01 6.779027427041159903e-01 2.183047942676691611e-01 -8.056327042246050341e-02
-2.610415629532831794e-01 -3.126839402653928790e+00 1.701400006582724389e+00 6.966029342177629813e-01 6.784167274161869710e-01 2.174162596032917782e-01 -8.500156505163879161e-02
-2.525259372245756140e-01 -3.131993395571288197e+00 1.699569011483202052e+00 6.970839626264778710e-01 6.773784189579774573e-01 2.179078103526818910e-01 -8.802620499747673688e-02
-2.556566618476405761e-01 -3.135738556861490167e+00 1.685698513860130809e+00 6.995670297541467519e-01 6.745202908231368033e-01 2.176801522978808745e-01 -9.079482058136965905e-02
-2.466304548156898202e-01 -3.138415451985470117e+00 1.684274700574801331e+00 6.999278196367098026e-01 6.746634940371091238e-01 2.154423216420048026e-01 -9.227579941536095953e-02
-2.395929478625409004e-01 -3.137313142896895446e+00 1.687727344158028275e+00 7.004567130585080958e-01 6.742488873169609764e-01 2.147552585322548002e-01 -9.289246479589015337e-02
-2.473197267595392268e-01 -3.138416550394207860e+00 1.686424570938985346e+00 7.024699795434512506e-01 6.726605273138202001e-01 2.130342669536500477e-01 -9.316729006275430158e-02
-2.438059597806092327e-01 -3.136638199622755252e+00 1.686001150193569886e+00 7.033402707326386061e-01 6.715293609046913970e-01 2.137916455074963251e-01 -9.302641194774946554e-02
-2.441540951855953601e-01 -3.138754209324243316e+00 1.685912684470841416e+00 7.041335745192670581e-01 6.705807286130442968e-01 2.142460048685625174e-01 -9.282265372945457116e-02
-2.440707389760054247e-01 -3.141434786049605243e+00 1.684097319619886957e+00 7.053371750975268029e-01 6.692950806289951204e-01 2.145369380208559107e-01 -9.229012241785752857e-02
-2.434535973093316374e-01 -3.141068197674028006e+00 1.683817861043107822e+00 7.077853069588461166e-01 6.676143467750504934e-01 2.128930015270029397e-01 -8.948526769316887675e-02
-2.414825694856050642e-01 -3.139874289572296640e+00 1.682491662059724336e+00 7.088115604580427220e-01 6.662989013171563002e-01 2.141931589691395965e-01 -8.805246456179216530e-02
-2.444066225517381175e-01 -3.141942525071382608e+00 1.680348306773003175e+00 7.081361143161231109e-01 6.669232030248972709e-01 2.143687364149418073e-01 -8.833306128588255812e-02
-2.404234648108159178e-01 -3.142032771507103917e+00 1.682461890107640690e+00 7.081778440417012543e-01 6.672974346536229007e-01 2.132219438398046119e-01 -8.794701574423793855e-02
-2.465273362005323821e-01 -3.145691770794285969e+00 1.681519473349338822e+00 7.089498664720241816e-01 6.656466153999138768e-01 2.155262849433556838e-01 -8.861766604043326556e-02
-2.518402365727760994e-01 -3.147433566582153119e+00 1.677124291013930790e+00 7.098033593508862316e-01 6.637755352399562492e-01 2.176182117203653565e-01 -9.068375708326321949e-02
-2.592371077582295014e-01 -3.146341368738962530e+00 1.676747315726629717e+00 7.102094560566531989e-01 6.629529512017755533e-01 2.183808914291974490e-01 -9.168260074385947700e-02
-2.647928611326756387e-01 -3.138875709531302238e+00 1.684620292268401043e+00 7.107740556569526191e-01 6.615774321067441344e-01 2.200566865724087051e-01 -9.322337596754552702e-02
-2.588654976844889655e-01 -3.147897228107948919e+00 1.682004609799852668e+00 7.099916321750540105e-01 6.610590141416865517e-01 2.235243319035873921e-01 -9.460303964714507352e-02
-2.825131640642065123e-01 -3.154454379921686868e+00 1.670205922909854479e+00 7.099817238955977716e-01 6.596229287201630376e-01 2.269705063369185094e-01 -9.647762898222940475e-02
-2.944998459928213075e-01 -3.158181329882604693e+00 1.665983248887941581e+00 7.094276198246008969e-01 6.593833041973270470e-01 2.286943854531384990e-01 -9.810702542646025648e-02
-3.051447694627447138e-01 -3.162014454358503812e+00 1.658262118628068604e+00 7.085807818584723972e-01 6.597447109117001718e-01 2.301855846917258974e-01 -9.830965672303713931e-02
-3.222331626982205544e-01 -3.154636013146679741e+00 1.652167774008866941e+00 7.071819346886992763e-01 6.612349498127088054e-01 2.311150485394340426e-01 -9.616593333789094644e-02
-3.488876787679707769e-01 -3.147869199403611429e+00 1.643554532449899686e+00 7.044725708932163544e-01 6.632839200065271390e-01 2.344159751611915588e-01 -9.392544335325093974e-02
-3.655157504832483029e-01 -3.150132368271934880e+00 1.642308925116986451e+00 7.050297079509142417e-01 6.626904126889276991e-01 2.344372169435232911e-01 -9.388141002670738477e-02
-3.752254712628408373e-01 -3.144918168879490938e+00 1.636187602291064858e+00 7.060213283133199846e-01 6.616106480740316931e-01 2.350183549388223103e-01 -9.258297448021855780e-02
-3.877923345351650397e-01 -3.141763130317872132e+00 1.639474530396204388e+00 7.078288214598358330e-01 6.593770183247779082e-01 2.360419405097362588e-01 -9.211139742889204451e-02
-4.036246449352672849e-01 -3.142811718917603692e+00 1.635452567752799125e+00 7.081781902036416998e-01 6.585870566371216928e-01 2.365183109733842992e-01 -9.383937512710145701e-02
-4.157409643218780149e-01 -3.140245862725707937e+00 1.634289877803317248e+00 7.070776386925583523e-01 6.593322264919531106e-01 2.371158108384220919e-01 -9.538511529875774719e-02
-4.283525554191509044e-01 -3.136174325509108574e+00 1.630981716920383962e+00 7.059881912939669490e-01 6.603524332387417095e-01 2.366298953056324705e-01 -9.757884154257835674e-02
-4.410912850801011476e-01 -3.123554859163109043e+00 1.633358929738805587e+00 7.052909907755304797e-01 6.606297652911669038e-01 2.361754626584033900e-01 -1.017550115733734939e-01
-4.539138853656458084e-01 -3.128116109158219249e+00 1.634230914236003418e+00 7.038020643401787790e-01 6.611307185108581397e-01 2.371546382644517115e-01 -1.064260533021694904e-01
-4.651614238929252521e-01 -3.133310538359368458e+00 1.624816330152153876e+00 7.021167204020068997e-01 6.629108411722871574e-01 2.374900670861481711e-01 -1.057345526476447389e-01
-4.802125642400682515e-01 -3.120836914446924570e+00 1.624883577594271600e+00 7.014440258827624453e-01 6.643383344720240613e-01 2.366337443914338923e-01 -1.031277213924994413e-01
-4.737357872223407762e-01 -3.110881166227930539e+00 1.615516630827083633e+00 7.007783608168064449e-01 6.645209658305029077e-01 2.385001615681653364e-01 -1.021726377978194877e-01
-4.885920903647208990e-01 -3.110047286934860988e+00 1.611973576691977827e+00 7.017310740975256644e-01 6.624108653259830337e-01 2.412643863649382436e-01 -1.028437699424005619e-01
-4.992550534052169198e-01 -3.124023677040031810e+00 1.601005430180643563e+00 7.003165622198436191e-01 6.632693394835138534e-01 2.419915544702573029e-01 -1.052168406043051258e-01
-4.886612277020805917e-01 -3.114708706180460585e+00 1.608182838015303151e+00 6.982414595606890595e-01 6.647396749805635219e-01 2.431577281405025714e-01 -1.070249872826097154e-01
-5.066145779758735035e-01 -3.121894609637900331e+00 1.603676909132904616e+00 6.971036616361443450e-01 6.642836975167726310e-01 2.463604059024900317e-01 -1.099099838526292339e-01
-5.158962930907379230e-01 -3.119552264176369771e+00 1.592648941654572825e+00 6.966608971309272702e-01 6.639526294748860913e-01 2.471606516891926841e-01 -1.128809659716367569e-01
-5.066983951331505143e-01 -3.111398333349593592e+00 1.599105682052609056e+00 6.959161898893029274e-01 6.653870225427200857e-01 2.454106059687617969e-01 -1.128468048273169599e-01
-5.224808928231380323e-01 -3.104663123599419094e+00 1.606780852705200324e+00 6.964149839308980683e-01 6.644462795038901248e-01 2.462970239234139602e-01 -1.133802796628867321e-01
-5.354681710000116501e-01 -3.106701476624757596e+00 1.599985482846083995e+00 6.957926014257863612e-01 6.647027980410513681e-01 2.469765137184669335e-01 -1.142166701887514652e-01
-5.483171629512785250e-01 -3.100056015144847521e+00 1.596864772788568754e+00 6.939969461047036381e-01 6.665300969177103685e-01 2.467715921725154582e-01 -1.149332414789313167e-01
-5.306197946707178481e-01 -3.097030680186122265e+00 1.601266678118697495e+00 6.901655379021467418e-01 6.700615470614633695e-01 2.486516658482245679e-01 -1.134081236629092132e-01
-5.423253957282830884e-01 -3.100055899865629794e+00 1.595681940445357716e+00 6.897132521819957507e-01 6.703279444591417890e-01 2.500829616244466536e-01 -1.114207743056112448e-01
-5.605630265041544602e-01 -3.099312603613335160e+00 1.590794284782168333e+00 6.907627616741637278e-01 6.693204724022373542e-01 2.502549015402235066e-01 -1.105866020936598360e-01
-5.640165861224092358e-01 -3.086481371080612046e+00 1.593540856247456228e+00 6.888263588823024808e-01 6.717788081972660974e-01 2.492777781474774801e-01 -1.099639463090847785e-01
-5.576520644936081572e-01 -3.073453556749840221e+00 1.595184910542764234e+00 6.858898217897566596e-01 6.742904930781338235e-01 2.507872481965327527e-01 -1.095136496135245691e-01
-5.561003972377919213e-01 -3.054755732304936355e+00 1.597724851232827259e+00 6.840689449002280709e-01 6.759013839805758650e-01 2.510477284525157171e-01 -1.103722600795262881e-01
-5.704097473559427423e-01 -3.056567662561139542e+00 1.597073767293587521e+00 6.824245572157887629e-01 6.772489057460341355e-01 2.503651475608075216e-01 -1.137889988596842150e-01
-5.724914153520791471e-01 -3.066147539424681767e+00 1.585497025553253447e+00 6.766431400588508449e-01 6.824862213938063249e-01 2.508921205717536962e-01 -1.158436983780792018e-01
-5.544956564507583785e-01 -3.075065379379165353e+00 1.583068950722031465e+00 6.709556256957307507e-01 6.882569104424922646e-01 2.506712078532134513e-01 -1.152602235327379043e-01
-5.447267518468860148e-01 -3.063851019848109480e+00 1.585726426553067725e+00 6.683688236958114093e-01 6.909302437580235878e-01 2.499294374613866554e-01 -1.159042279737462489e-01
-5.282649867573645519e-01 -3.058780884272535694e+00 1.591824543220194732e+00 6.645941406424925590e-01 6.942462533984509188e-01 2.507717596592413112e-01 -1.159753957668961943e-01
-5.385907669453069424e-01 -3.075776054870710041e+00 1.575400313435042943e+00 6.590130220228118674e-01 6.997998786065532384e-01 2.489311289374147029e-01 -1.183860623239007814e-01
-5.263641618936480970e-01 -3.069154052458396453e+00 1.583500231856088458e+00 6.581820745940210049e-01 7.003471117017224801e-01 2.485992720712099646e-01 -1.204519893560505456e-01
-5.470573947285427563e-01 -3.070310408565971372e+00 1.571468015842115262e+00 6.572934657430313798e-01 7.012211765770943739e-01 2.462241903137270538e-01 -1.250112375576678814e-01
-5.457312038054769054e-01 -3.066879070045823052e+00 1.582927108958708251e+00 6.557969440498236935e-01 7.023910618553494967e-01 2.451930161942927344e-01 -1.282869798934104244e-01
-5.553789319461556184e-01 -3.078670106162110010e+00 1.574266651963158736e+00 6.542804100736340223e-01 7.022610035977571163e-01 2.467401576984154521e-01 -1.336634669560429201e-01
-5.609132093356905546e-01 -3.089809984830445444e+00 1.566649154418638279e+00 6.516874338730408445e-01 7.044509497865198977e-01 2.463779556348653921e-01 -1.354630977573798578e-01
-5.504836347667927399e-01 -3.099973680943292731e+00 1.560789623919218272e+00 6.493085738489404735e-01 7.072016719894768100e-01 2.452861044322926509e-01 -1.345321449839170236e-01
-5.475657954745623002e-01 -3.085519779531363138e+00 1.567133544340423956e+00 6.495472120900064317e-01 7.068483783366374951e-01 2.457141898462050222e-01 -1.344556663632631432e-01
-5.686283984155801052e-01 -3.087015518540282333e+00 1.563506675594679152e+00 6.490478295302843925e-01 7.062526348476579896e-01 2.473450654661278891e-01 -1.369837557607631040e-01
-5.850047322600765431e-01 -3.093947912298392389e+00 1.552216798662680475e+00 6.494082977304791449e-01 7.052070426968993777e-01 2.474276159807723696e-01 -1.404687318215924741e-01
-5.994399588856034189e-01 -3.083703365125979534e+00 1.555460833317059421e+00 6.473066865316499108e-01 7.071667060984757613e-01 2.465913365036607463e-01 -1.417815789113189839e-01
-5.997236496728117761e-01 -3.096942010938154688e+00 1.547500917662061326e+00 6.441090227748744734e-01 7.091602582132867649e-01 2.486900507258413551e-01 -1.427184417685371243e-01
-6.031672297141856820e-01 -3.113629395789566878e+00 1.547477883671431353e+00 6.435716640698928570e-01 7.102461817951024603e-01 2.479092326049706363e-01 -1.410917674458785354e-01
-6.243569242865387725e-01 -3.107185100103457831e+00 1.545892171702377915e+00 6.436717387181649652e-01 7.107136983199221492e-01 2.475102362248692844e-01 -1.389655164415347643e-01
-6.371961962134058410e-01 -3.096732431418300902e+00 1.545477383899111379e+00 6.423769839672498483e-01 7.116947485363207537e-01 2.488509077690094773e-01 -1.375340724239001999e-01
-6.460041075677037670e-01 -3.099211472049019367e+00 1.531881609274357903e+00 6.420807071618243045e-01 7.117024045279199962e-01 2.505398554083343998e-01 -1.358007132960629693e-01
-6.570241507411443971e-01 -3.081721957636796017e+00 1.523802686278894036e+00 6.427008063665800019e-01 7.115227779872892455e-01 2.514201825757571007e-01 -1.321321372512063996e-01
-6.692702065354314556e-01 -3.073539746004877227e+00 1.521575716716428106e+00 6.456976841997473793e-01 7.080521338256097197e-01 2.535048058442564423e-01 -1.321816546195039577e-01
-6.877090948906383616e-01 -3.070361279254425924e+00 1.519241568354176897e+00 6.465275889300020618e-01 7.069661546790285689e-01 2.533326307012375711e-01 -1.342516708003905490e-01
-6.746475839576725475e-01 -3.068533324916260518e+00 1.524859300331577572e+00 6.436551545835383914e-01 7.088924810176471247e-01 2.544411562108740421e-01 -1.357909804101863349e-01
-6.638795339484964142e-01 -3.076335172572921994e+00 1.522768418644690369e+00 6.427557921969840882e-01 7.087181279701869618e-01 2.568092355724826414e-01 -1.365013670566644355e-01
-6.784585789430782610e-01 -3.087298149185862872e+00 1.516439993781095508e+00 6.448310551753857478e-01 7.068981257132780360e-01 2.569775886324879854e-01 -1.358325037871460916e-01
-6.920089481885265403e-01 -3.079855535959256763e+00 1.514237110889599558e+00 6.444707669620717283e-01 7.070263348704961537e-01 2.583679711717756788e-01 -1.342281036277151729e-01
-7.052765998169835404e-01 -3.086788421491920342e+00 1.506875640830501739e+00 6.424297924087468692e-01 7.088485226455026877e-01 2.597270654884928365e-01 -1.317557787031705674e-01
-6.848848445736239743e-01 -3.090616406429597340e+00 1.511573554291910426e+00 6.403918242490665991e-01 7.107222773854556808e-01 2.611665478867085111e-01 -1.287019429842601870e-01
-6.992343638083711177e-01 -3.082601948749601029e+00 1.510875135120533397e+00 6.415774145737719314e-01 7.092152817865964298e-01 2.631517016336527570e-01 -1.270562360394247026e-01
-7.217859858474861001e-01 -3.076427563342801985e+00 1.508609549289037233e+00 6.412656791618872587e-01 7.089861909295321896e-01 2.646028732842787834e-01 -1.268945595759738143e-01
-7.314534210579437534e-01 -3.061031517606872310e+00 1.509803996021899186e+00 6.361951361074261735e-01 7.122306079281075508e-01 2.667655445424045313e-01 -1.296898383398108201e-01
-7.153731061305746985e-01 -3.068232569495809692e+00 1.506098087317959688e+00 6.311003094263001323e-01 7.154689843370177771e-01 2.695983615040281611e-01 -1.308940616228551901e-01
-7.383537990913238147e-01 -3.073358399852072154e+00 1.499034465448944031e+00 6.258377053640924448e-01 7.195606945309235281e-01 2.717452826062635718e-01 -1.292829254465737987e-01
-7.550864318438152978e-01 -3.066555925249824455e+00 1.501075168121059900e+00 6.193646380084640857e-01 7.245331357266383554e-01 2.743315165776624709e-01 -1.272061296910206862e-01
-7.718379901985692459e-01 -3.069737360368756107e+00 1.499060587241730635e+00 6.150754833502340979e-01 7.277418411603632231e-01 2.759680869478822185e-01 -1.261569553862436910e-01
-7.942964356672228554e-01 -3.069536179397942544e+00 1.492680255477610629e+00 6.099527969135296601e-01 7.317135026076344584e-01 2.769337365419585750e-01 -1.259390376489304131e-01
-7.842645385387383428e-01 -3.060216855820026893e+00 1.503126972213240764e+00 6.038473782696212044e-01 7.362249543900299953e-01 2.786336645296624837e-01 -1.253173622491109140e-01
-7.928815227841419233e-01 -3.068003608224571632e+00 1.494677698955589884e+00 6.022099962778718618e-01 7.370859479276643533e-01 2.797903400984125821e-01 -1.255579202527526417e-01
-8.115330831486899932e-01 -3.059178748009213411e+00 1.493177273706778108e+00 6.014056671929441933e-01 7.377457689796559359e-01 2.795574193365057414e-01 -1.260557539929808013e-01
-8.072546934214326342e-01 -3.046954639520544461e+00 1.499455143957099335e+00 5.992501614363241469e-01 7.388229104197957531e-01 2.811629922144813776e-01 -1.264409857062231135e-01
-8.162479681152932098e-01 -3.057001513717358510e+00 1.493844388312498994e+00 6.000164984365122800e-01 7.380591194749964723e-01 2.811367502780156569e-01 -1.273226822168642136e-01
-7.962187694706268637e-01 -3.056692318904973948e+00 1.500976857799461994e+00 5.979912401885411066e-01 7.398986565833430840e-01 2.814475984464135938e-01 -1.254739174995387618e-01
-8.130584705401662227e-01 -3.058963172770345462e+00 1.497852445776140629e+00 5.977870763691036649e-01 7.397242013021391172e-01 2.834222566930620912e-01 -1.230062670964517241e-01
-8.274059083229400313e-01 -3.059473456267703728e+00 1.490100468704545378e+00 5.984031307016145496e-01 7.389074645114327433e-01 2.847449924000879928e-01 -1.218595148474916900e-01
-8.501116411248307303e-01 -3.059182844495393461e+00 1.485767133019419983e+00 5.992187750205231200e-01 7.383421944430330619e-01 2.846568308854682816e-01 -1.214831354476495900e-01
-8.642124098568826351e-01 -3.050930349399203934e+00 1.487815294982572034e+00 5.985894470284576219e-01 7.387650802337265565e-01 2.841305518213528281e-01 -1.232341659407593659e-01
-8.772559201894425396e-01 -3.057273240848954021e+00 1.477814157835848574e+00 5.976417878781919990e-01 7.391866620720187742e-01 2.840035856018249816e-01 -1.255760142777765376e-01
-9.016026380878079394e-01 -3.055044126702644025e+00 1.471075324526438965e+00 5.946237961003111305e-01 7.414250010019894921e-01 2.855626934643419879e-01 -1.231481104274267102e-01
-9.200275975908402959e-01 -3.047435008062512107e+00 1.470891207936938061e+00 5.906202252376794304e-01 7.441271822371862132e-01 2.879411669852662836e-01 -1.205502822522666745e-01
-9.446392540390410320e-01 -3.042528551886351185e+00 1.468361322485000287e+00 5.858568575074261098e-01 7.466105449619270251e-01 2.913558949333968084e-01 -1.202338519333765593e-01
-9.593281765617789336e-01 -3.051159785189417661e+00 1.458021166822975445e+00 5.775111877296789098e-01 7.521714397841529065e-01 2.940219944027121501e-01 -1.194571890994482882e-01
-9.746437005503453266e-01 -3.040063101407474822e+00 1.460746079015469823e+00 5.707937757356813524e-01 7.560991130649513670e-01 2.980126659661944122e-01 -1.170343869446928697e-01
-9.873415937468810188e-01 -3.049067734114089934e+00 1.452331579855034915e+00 5.691974028183700574e-01 7.563034079673238708e-01 3.010602692500670141e-01 -1.156813986815122403e-01
-1.009454893524383001e+00 -3.048902614869974936e+00 1.447916787759133239e+00 5.659778296515647344e-01 7.589137669108106943e-01 3.012547174616675427e-01 -1.138621356871499651e-01
-1.002277015031107998e+00 -3.037113830929387692e+00 1.456742340101758737e+00 5.564159397168896293e-01 7.648393906087471716e-01 3.048002051640755772e-01 -1.118876379862768777e-01
-1.012608543698524599e+00 -3.040692763409459598e+00 1.449404178060042181e+00 5.571313386323993866e-01 7.622996297712316682e-01 3.079551253755624662e-01 -1.169084544386561897e-01
-1.024270943082143726e+00 -3.049013924531749797e+00 1.439748085670419897e+00 5.581594136528187367e-01 7.615723234822557863e-01 3.054713377830206578e-01 -1.230972251906259501e-01
-1.037364952840827970e+00 -3.045827659826588985e+00 1.439043384973811346e+00 5.537372110228349076e-01 7.655757164244207935e-01 3.016380062465069956e-01 -1.276065701189390278e-01
-1.020845928427787319e+00 -3.049632579718216441e+00 1.439154214777417229e+00 5.496500147695614347e-01 7.686264758332520541e-01 3.013002212115104550e-01 -1.277355808295835005e-01
-1.009301192870524666e+00 -3.058592995489427757e+00 1.435797492295058264e+00 5.547045767547528206e-01 7.663887870388031986e-01 2.987701497470169332e-01 -1.252495798342952715e-01
-1.021673699756532105e+00 -3.052683351630029573e+00 1.434521757884956505e+00 5.618570115694049294e-01 7.627719231832256197e-01 2.950108222850805761e-01 -1.243555647662851482e-01
-1.037127218850955046e+00 -3.053521899401097972e+00 1.432504564936353475e+00 5.667456343556184217e-01 7.605519100354324324e-01 2.903692908357856095e-01 -1.266722267106186184e-01
-1.049200508881844796e+00 -3.052975237464504499e+00 1.430182027503100750e+00 5.690734661222612845e-01 7.591941227898610922e-01 2.875634155687556981e-01 -1.307170842061595728e-01
-1.062361994802020648e+00 -3.053480929562078394e+00 1.428121915478835824e+00 5.691973047529149676e-01 7.598160011745239695e-01 2.834366061095296985e-01 -1.354908223396854017e-01
-1.079610048404679556e+00 -3.059639263631316108e+00 1.421552159471898946e+00 5.645970877022284951e-01 7.635895981663820553e-01 2.805122334813262008e-01 -1.395490630480307193e-01
-1.095098864240727998e+00 -3.055194965188595901e+00 1.418105215591745516e+00 5.597585797611722702e-01 7.670534883485728983e-01 2.809396150538109871e-01 -1.391840906478089279e-01
-1.115878510349058050e+00 -3.060680469082913913e+00 1.411449916357972567e+00 5.582519792636939648e-01 7.677256516321987467e-01 2.831991368604299675e-01 -1.369317361154519519e-01
-1.132853645583982383e+00 -3.063316936694034709e+00 1.406774279143590656e+00 5.593519544879245187e-01 7.671693759561252213e-01 2.832127757367428611e-01 -1.355251388677306823e-01
-1.176904580913679776e+00 -3.059902747786387600e+00 1.408936381556372464e+00 5.559023584449447331e-01 7.713460444101316593e-01 2.815470913510254580e-01 -1.293409563903431259e-01
-1.191414309280536932e+00 -3.063470996316670192e+00 1.401497169316513025e+00 5.570831424072559823e-01 7.694616070717804623e-01 2.854631308547508906e-01 -1.268779279889655776e-01
-1.207056033278853358e+00 -3.060533188065746479e+00 1.395668075983588219e+00 5.562818846861778965e-01 7.698788447529384404e-01 2.873721329000359925e-01 -1.235082442768847683e-01
-1.226551946831484496e+00 -3.056370608169431069e+00 1.393300762349908517e+00 5.554317810531527178e-01 7.705590323138606923e-01 2.874299506609747090e-01 -1.229566499977889360e-01
-1.239144446256392307e+00 -3.058713124553493312e+00 1.390768159797679537e+00 5.534108824424039952e-01 7.718167422602350003e-01 2.872132585442111474e-01 -1.246750002106828820e-01
-1.242935917616326380e+00 -3.062627342643255535e+00 1.379151620680551193e+00 5.495166488426297402e-01 7.745944690680534039e-01 2.871676066283188056e-01 -1.247783107647697926e-01
-1.254042204585553044e+00 -3.060193010734493679e+00 1.364847677109611412e+00 5.492291308122903004e-01 7.760553579436091365e-01 2.848185754365232247e-01 -1.223267033827955819e-01
-1.264854053394868227e+00 -3.056845745391706171e+00 1.364235791037652357e+00 5.509037037686995708e-01 7.769019624043858041e-01 2.790885827353397075e-01 -1.226295762568020975e-01
-1.273021313290030321e+00 -3.057868611839630990e+00 1.359579169843721846e+00 5.508304712289064931e-01 7.788336028040064862e-01 2.739343439161437965e-01 -1.223273736017555097e-01
-1.278597990350257785e+00 -3.045847335436387304e+00 1.356366515651776128e+00 5.508017736482451188e-01 7.809918105643581798e-01 2.681493477414985116e-01 -1.215118318648929358e-01
-1.273870538428273580e+00 -3.040191180629975953e+00 1.355864563309928439e+00 5.488527497091697516e-01 7.832912022573877975e-01 2.652144008339384351e-01 -1.219707882779910019e-01
-1.267571656199675267e+00 -3.037604244743937087e+00 1.358013491575547071e+00 5.431742566125408178e-01 7.872368194224474980e-01 2.662741691961755808e-01 -1.196577783427766606e-01
-1.263345289742398236e+00 -3.033523151020461217e+00 1.362231857065804519e+00 5.369075732908675791e-01 7.909661468341254720e-01 2.696801662639682906e-01 -1.156521518568795759e-01
-1.264407514787648568e+00 -3.033890307113087825e+00 1.360658370858458976e+00 5.348038709925192480e-01 7.905941193727505922e-01 2.760922561080370596e-01 -1.127777642171362421e-01
-1.266271385274791328e+00 -3.034302516910575509e+00 1.360436283003938929e+00 5.339918617714386473e-01 7.903427457274091461e-01 2.783347962288749700e-01 -1.128750505920743524e-01
-1.254929267545398908e+00 -3.035106734963800790e+00 1.362508286631821441e+00 5.279097010979498794e-01 7.934928062609861721e-01 2.795216721908840296e-01 -1.163965148720112752e-01
-1.245103141933094681e+00 -3.036040263840786402e+00 1.363569715844283659e+00 5.288016307319669540e-01 7.929024978769270149e-01 2.787565435582812223e-01 -1.181915970751820644e-01
-1.233388640022034632e+00 -3.029269292589795715e+00 1.375276098058640262e+00 5.306519372383660116e-01 7.916496397405452523e-01 2.783900789566007283e-01 -1.191567595328603402e-01
-1.245803722638680666e+00 -3.020552094461176562e+00 1.370049591587465532e+00 5.337785895546465209e-01 7.881313114142181053e-01 2.806360415924309404e-01 -1.231781858158665366e-01
-1.251891743819609326e+00 -3.036458113171602857e+00 1.361999942764398730e+00 5.362665175663307027e-01 7.850631697679368859e-01 2.821579295912443053e-01 -1.283781304583540006e-01
-1.234093408026715188e+00 -3.030000318875441412e+00 1.380086500447902154e+00 5.355000721973416367e-01 7.845808641450505716e-01 2.827823010708991336e-01 -1.330665641515360875e-01
-1.224267875651512183e+00 -3.023313923832303907e+00 1.398981856593563222e+00 5.330615429140943551e-01 7.846658629338918445e-01 2.850963710371713367e-01 -1.373496786806991665e-01
-1.203148716896194070e+00 -3.031754002031231465e+00 1.400197517294630156e+00 5.298940277734257576e-01 7.840875152998140196e-01 2.894646156525910174e-01 -1.436291194922448555e-01
-1.199727955441759031e+00 -3.063182706953674117e+00 1.408011218168704781e+00 5.311941596286254841e-01 7.822676622289630455e-01 2.910699358458149200e-01 -1.454935113810385539e-01
-1.179571056694044273e+00 -3.072636232930322731e+00 1.414952690328060925e+00 5.338317167692926413e-01 7.797857261911944615e-01 2.919973854331836538e-01 -1.472937415500258085e-01
-1.154147193647361513e+00 -3.093572372203861054e+00 1.409525298795666126e+00 5.395509285883403061e-01 7.737178028056211909e-01 2.969593563505907308e-01 -1.485284409025568741e-01
-1.129900592169537976e+00 -3.089683823094620863e+00 1.410763572118325371e+00 5.454292135819110987e-01 7.683096313124155863e-01 2.997310217777652830e-01 -1.495613519197217522e-01
-1.139677063675997637e+00 -3.068672992861911641e+00 1.414308513231519182e+00 5.504697675527453482e-01 7.625665030487295271e-01 3.026303565681589536e-01 -1.545646490045096411e-01
-1.112133109002880538e+00 -3.087349238953524200e+00 1.413048421574006230e+00 5.547621727480951392e-01 7.578622317338556957e-01 3.054451990726336774e-01 -1.568024226938831422e-01
-1.087649022171674140e+00 -3.088313421283743754e+00 1.413757708174977035e+00 5.560100920044391826e-01 7.558341213825064964e-01 3.090645935728728588e-01 -1.550697763678801633e-01
-1.063759770674439276e+00 -3.072906550125402259e+00 1.430629151119595432e+00 5.599952664152489934e-01 7.516099295348461773e-01 3.123324794605390475e-01 -1.547134050144645945e-01
-1.043913868289001456e+00 -3.087106755835246297e+00 1.426031815619732246e+00 5.649301590062952849e-01 7.468026449665871036e-01 3.136130587952542514e-01 -1.574375249713862168e-01
-1.012329452556904652e+00 -3.093260489512843492e+00 1.423004301613549849e+00 5.660927635988777240e-01 7.454499332055125604e-01 3.151409103184515392e-01 -1.566192412462132089e-01
-9.939200496462168299e-01 -3.081462670032914630e+00 1.434774904423507191e+00 5.682176922956142517e-01 7.433802529428542583e-01 3.163656666162570352e-01 -1.562920941164836208e-01
-9.714922349029992965e-01 -3.081503659925639127e+00 1.436690642017274477e+00 5.722514371215391416e-01 7.393012381720067694e-01 3.176460755395720814e-01 -1.583128000004393743e-01
-9.767732747172167551e-01 -3.089806298168365384e+00 1.410127945906234359e+00 5.757429623726205703e-01 7.362377099065942065e-01 3.183172116873119184e-01 -1.585819300346291150e-01
-9.660728290125967233e-01 -3.079707966242609452e+00 1.421854880895117468e+00 5.753771555361876233e-01 7.383959329494123036e-01 3.177558735198477424e-01 -1.508104105640293013e-01
-9.845788454076274121e-01 -3.072606551237858863e+00 1.419742361236524975e+00 5.867763050167087435e-01 7.270667679997461219e-01 3.208305604898338270e-01 -1.553551872230877762e-01
-9.974421479839319371e-01 -3.079922130164777894e+00 1.401475565051048644e+00 5.960101427944757280e-01 7.189084275457759965e-01 3.200272932934735137e-01 -1.597658099751686211e-01
-9.958195757340797538e-01 -3.070609341970874429e+00 1.412831289127471024e+00 5.952463355917215759e-01 7.232605890785601677e-01 3.127419531954787058e-01 -1.573797666850444144e-01
-9.818410271853010851e-01 -3.075479295017947479e+00 1.420316168007814905e+00 5.925826931592141911e-01 7.261047343565849577e-01 3.121335084842942753e-01 -1.555324383992308657e-01
-9.813850902010599064e-01 -3.077554184950719751e+00 1.398422657644995848e+00 5.973551341356374556e-01 7.205293290254611849e-01 3.156393042601366994e-01 -1.561286627819825634e-01
-9.967212662708415660e-01 -3.071717250154111234e+00 1.395519828632539650e+00 6.011200152082013526e-01 7.193352995588426779e-01 3.130534905653289401e-01 -1.523448921675600864e-01
-9.845779791408697523e-01 -3.067539328121255959e+00 1.407165748677395190e+00 6.007260819547889374e-01 7.205275968689541788e-01 3.125165987538503498e-01 -1.493369750357316506e-01
-9.659674110717830775e-01 -3.082756742852562848e+00 1.399579068911663837e+00 6.034243173795214021e-01 7.177517470566688873e-01 3.139720954428780186e-01 -1.487717919343811146e-01
-9.503846465604279814e-01 -3.075812032008156560e+00 1.405798327717203478e+00 6.056668548659074336e-01 7.169309740619788096e-01 3.119008084239467959e-01 -1.479713656484608342e-01
-9.370416534500742856e-01 -3.070553816418255977e+00 1.419370363470478402e+00 6.055319735957037652e-01 7.172964010136498869e-01 3.109310865492341813e-01 -1.487909992690071570e-01
-9.142525000971918336e-01 -3.078629487038914370e+00 1.418358921064537981e+00 6.068332862121339488e-01 7.151349864217817487e-01 3.121245611945464016e-01 -1.513722968036497751e-01
-9.004015099716216053e-01 -3.089658374814700625e+00 1.414934158344478998e+00 6.085955927010385791e-01 7.135671790927958780e-01 3.122323036394384910e-01 -1.514736743808334785e-01
-8.867348566316276548e-01 -3.081674928944360126e+00 1.420495224575179849e+00 6.070653520980252571e-01 7.142720613085556947e-01 3.144641829039523384e-01 -1.496641519759395189e-01
-8.671779386333252626e-01 -3.089456838439458508e+00 1.420677380234894427e+00 6.083126288471228937e-01 7.121565007750635390e-01 3.182072764657309372e-01 -1.467412457122447556e-01
-8.531242105968332989e-01 -3.080324473356983450e+00 1.424983324693476661e+00 6.118240895658870748e-01 7.083675655908817648e-01 3.215633104058400193e-01 -1.431213221241293965e-01
-8.384405948964184230e-01 -3.074065449439843611e+00 1.426628649042454455e+00 6.138793594205710358e-01 7.053830963206322302e-01 3.251043152990893970e-01 -1.410461047899485287e-01
-8.200583071008256120e-01 -3.064996878653474255e+00 1.435936045276692719e+00 6.158076730602535243e-01 7.020050498723972021e-01 3.289378076997998557e-01 -1.406049018328252853e-01
-8.024705353319611101e-01 -3.061055065445624113e+00 1.438131232303412332e+00 6.195120041100194985e-01 6.976480416147265995e-01 3.303852894089475689e-01 -1.426101235427897351e-01
-7.861689295061133897e-01 -3.049915479225152826e+00 1.448446536013197949e+00 6.209622195594380889e-01 6.953193233390907446e-01 3.319165110375200678e-01 -1.441124219897964298e-01
-7.698875815844647974e-01 -3.055183120922779771e+00 1.448369469807346821e+00 6.225454669999935797e-01 6.930699939281783628e-01 3.325988798302043081e-01 -1.465234116782981044e-01
-7.552649954390850962e-01 -3.057266698376233993e+00 1.451308576481678658e+00 6.233122071353259797e-01 6.917707720808118355e-01 3.332719019797992788e-01 -1.478679501500346771e-01
-7.360392692320363306e-01 -3.059690380932774456e+00 1.449300640736468360e+00 6.268060354967617265e-01 6.880314740889110769e-01 3.347134236218724523e-01 -1.472881820622324311e-01
-7.493577667136973597e-01 -3.065957992911168883e+00 1.442648643055681967e+00 6.337268283154996462e-01 6.829096680026240929e-01 3.329266951544970765e-01 -1.455489885750762269e-01
-7.387042736729909631e-01 -3.052749907548403474e+00 1.454037552658457910e+00 6.371333013019939706e-01 6.810609957107591761e-01 3.308116706590802369e-01 -1.441551769768954216e-01
-7.233168068477535684e-01 -3.054843727616697979e+00 1.453128148517850660e+00 6.423242471644775575e-01 6.773293326109031121e-01 3.283682596546462218e-01 -1.442872923747435532e-01
-7.397265290126545656e-01 -3.059177366165800827e+00 1.448731972159038817e+00 6.521416616449923209e-01 6.706167090199399716e-01 3.219543568449545479e-01 -1.460475088412165057e-01
-7.599171060145484269e-01 -3.053224853093730928e+00 1.449180847321381638e+00 6.550357423487320752e-01 6.706589904739799213e-01 3.143628131726619035e-01 -1.494011928875999262e-01
-7.452691970758266171e-01 -3.054577259397066147e+00 1.453014137309100118e+00 6.520358673244400771e-01 6.755484842458389094e-01 3.080937508284091186e-01 -1.534982535929858838e-01
-7.320003209437052627e-01 -3.054718799251608274e+00 1.449223789645000871e+00 6.509678611354529076e-01 6.782619504985378800e-01 3.032997371108376305e-01 -1.555983282145069202e-01
-7.173455673831873325e-01 -3.053797746042543171e+00 1.458705719410969159e+00 6.528497166136846275e-01 6.788645287073067358e-01 2.982756482142001619e-01 -1.547961138492714994e-01
-7.074138879025018145e-01 -3.055582783738040487e+00 1.454635166577782801e+00 6.539883520371471137e-01 6.789056907857949907e-01 2.963523922651637443e-01 -1.534977459675340994e-01
-7.018383633988278802e-01 -3.047337835048518073e+00 1.451693598820066544e+00 6.570278856581310833e-01 6.778311986941109035e-01 2.944895729312335675e-01 -1.487787450521422528e-01
-6.937044405536860747e-01 -3.042173501176814732e+00 1.457932856559671420e+00 6.603050594783238525e-01 6.768798767228844104e-01 2.921770670629181832e-01 -1.430504190747133308e-01
-6.907164509558616494e-01 -3.038809592938754189e+00 1.463912831320452801e+00 6.639366400466374385e-01 6.745393181859830056e-01 2.910612259666233714e-01 -1.395285238350114920e-01
-7.007900722676484451e-01 -3.028523121305839005e+00 1.465325689531140618e+00 6.656939158409719282e-01 6.753151452583239234e-01 2.873649120856659467e-01 -1.349906378199586532e-01
-6.822585273971035758e-01 -3.026845817117710169e+00 1.474553642719031998e+00 6.700698785132078728e-01 6.726370276356500311e-01 2.851876561745479988e-01 -1.312775217942532269e-01
-6.765605334835790297e-01 -3.012957488413958274e+00 1.462894143695979032e+00 6.709504375584894875e-01 6.714468113733205179e-01 2.857624296778030204e-01 -1.316226561854411115e-01
-6.852529490413146185e-01 -3.032628930792487409e+00 1.488785597023533747e+00 6.695875997138555080e-01 6.720153921533843500e-01 2.865375144642880456e-01 -1.339552605275304842e-01
-6.680947834867293489e-01 -3.048890897571011394e+00 1.488715069757188925e+00 6.672662279261952767e-01 6.737085073853994466e-01 2.878296413211228200e-01 -1.342636425941066969e-01
-6.815343594319354104e-01 -3.058464843457835869e+00 1.484920798860799751e+00 6.667128208175051585e-01 6.743037291857485460e-01 2.886547759290452597e-01 -1.322381022894337232e-01
-6.879472662125143412e-01 -3.068640420585466710e+00 1.500081704784603343e+00 6.651936284265856925e-01 6.769250474382213500e-01 2.866980298508523539e-01 -1.307446233352446419e-01
-6.803876050088123462e-01 -3.072385151254363400e+00 1.516417398385192072e+00 6.640457974267915953e-01 6.789700271181901003e-01 2.849847728537748259e-01 -1.297172326116424468e-01
-6.585543548466166186e-01 -3.062953464279484006e+00 1.507120425694395527e+00 6.604290194414129678e-01 6.815732087837741426e-01 2.873363899029645063e-01 -1.293416807737362562e-01
-6.449844785104444922e-01 -3.066527236865305817e+00 1.521904092003787623e+00 6.558551064093521843e-01 6.854205810723537073e-01 2.899250871217242120e-01 -1.264758882027521569e-01
-6.461784321798806907e-01 -3.078924695526278121e+00 1.539090495937423864e+00 6.571755593663038963e-01 6.823612693598227752e-01 2.952362048549148632e-01 -1.238505776817527132e-01
-6.684423688983283096e-01 -3.083587901547885757e+00 1.552158624517124830e+00 6.593841550084633685e-01 6.779733504853548975e-01 3.002026553191791680e-01 -1.242700200963650914e-01
-6.847866356755623052e-01 -3.089317200784252648e+00 1.568135104562470516e+00 6.536282806027293724e-01 6.807263548162215683e-01 3.034952883304500304e-01 -1.314241629844236092e-01
-6.738706200201675101e-01 -3.093327406343673758e+00 1.586083304029209051e+00 6.488030201030920985e-01 6.833612723611900419e-01 3.057830100947103169e-01 -1.362672494747747820e-01
-6.691581315110420869e-01 -3.100662370241290322e+00 1.614561051806983505e+00 6.457072703074746567e-01 6.835598996684653095e-01 3.091654157417418891e-01 -1.422136784790523356e-01
-6.899194211399091170e-01 -3.094061140045428093e+00 1.625984697347942598e+00 6.426792368907884301e-01 6.825525990857104208e-01 3.138720855542886379e-01 -1.502320267473506166e-01
-6.705998672769449831e-01 -3.092027789169034424e+00 1.636720449650659104e+00 6.375241766197753401e-01 6.852642301725454521e-01 3.157287146322716453e-01 -1.558564654672998651e-01
-6.508185021525128011e-01 -3.098838770349386262e+00 1.657715044139347560e+00 6.326721518286669843e-01 6.877902235278656740e-01 3.188249328694172657e-01 -1.581809688324864738e-01
-6.705357380982632787e-01 -3.101577400795039630e+00 1.650450639993552349e+00 6.341955606634901432e-01 6.840284009356532025e-01 3.213129230165479577e-01 -1.632762782852938410e-01
-6.901552824131084174e-01 -3.099577462504119030e+00 1.649678118619843481e+00 6.357958794113270917e-01 6.807313520607897184e-01 3.230686823690497311e-01 -1.673172212218222987e-01
-6.762765410270923372e-01 -3.119894753845437574e+00 1.654147253750430702e+00 6.334074998514530597e-01 6.828059598085834958e-01 3.228685551246393559e-01 -1.683058421253939840e-01
-6.726025951694666327e-01 -3.125370977476494616e+00 1.671869281690188558e+00 6.334992891681099358e-01 6.828596970499615226e-01 3.224998298798745222e-01 -1.684492341798744797e-01
-6.965780112893592557e-01 -3.131660552516098317e+00 1.677115658309375590e+00 6.340873701511738902e-01 6.809624695256029092e-01 3.236312679140774806e-01 -1.717152425985741526e-01
-6.829445862361092079e-01 -3.135632813667086793e+00 1.687567759268107981e+00 6.298570842618318455e-01 6.841885947309814808e-01 3.242443166492824935e-01 -1.732964032109964303e-01
-6.802226343363244609e-01 -3.140495341072309099e+00 1.702848675423031644e+00 6.253623499126794716e-01 6.878995435006658443e-01 3.248918676140122308e-01 -1.736704457342874708e-01
-6.685375383731658738e-01 -3.153566843576425249e+00 1.717229628977543943e+00 6.229895048895778276e-01 6.880511722776023742e-01 3.272382557095393496e-01 -1.771575150114546027e-01
-6.693278867977076052e-01 -3.165081896458948663e+00 1.724836524721877096e+00 6.235726722727383819e-01 6.883915629838490702e-01 3.251515089227750011e-01 -1.776250957847227974e-01
-6.612518253990350425e-01 -3.166963193680157218e+00 1.733600986686102630e+00 6.246313504076600465e-01 6.897040450626417130e-01 3.213301203770029257e-01 -1.757582431939777312e-01
-6.616916326525034142e-01 -3.173910802627665007e+00 1.747668375396592921e+00 6.256727903603463981e-01 6.903854084184083417e-01 3.187688330403755654e-01 -1.740344170781250310e-01
-6.627583587083868411e-01 -3.168185109700721647e+00 1.722717770365058021e+00 6.258795013759581582e-01 6.918930312436989416e-01 3.143190111634600603e-01 -1.753922526653121372e-01
-6.595988657020230850e-01 -3.166482639860226378e+00 1.732952196361786656e+00 6.265514423231217656e-01 6.929998052967264455e-01 3.114763111764042858e-01 -1.736866936683833240e-01
-6.596634807589495386e-01 -3.155524625616014767e+00 1.729469473994836637e+00 6.266849578079171090e-01 6.919654207366403575e-01 3.143515152284077074e-01 -1.721422232796404606e-01
-6.665556993102925709e-01 -3.153829370025996504e+00 1.717522991833369650e+00 6.271802076073125232e-01 6.921607196147603336e-01 3.139909889953561017e-01 -1.702004237296246003e-01
-6.571293309586574427e-01 -3.154513973039023700e+00 1.723735771328929633e+00 6.276685758523535830e-01 6.928140337328778653e-01 3.133554752413115763e-01 -1.668808547633573447e-01
-6.487223539640067926e-01 -3.150808380979081225e+00 1.727503275220419354e+00 6.308811520938063522e-01 6.907405829359876126e-01 3.124245918683910550e-01 -1.650978298279925094e-01
-6.581889181946032341e-01 -3.149605765739414309e+00 1.724384532233912637e+00 6.339203672260218525e-01 6.894712251886007115e-01 3.101155338641424786e-01 -1.631035048952454158e-01
-6.509973908258459563e-01 -3.152544565388142761e+00 1.731888373007662851e+00 6.324052030964444349e-01 6.934552229883792496e-01 3.063259422376354846e-01 -1.592103323245918634e-01
-6.430018685486114105e-01 -3.154782707055020730e+00 1.738940090225114865e+00 6.341781395731179716e-01 6.923754623268157937e-01 3.053226825565492630e-01 -1.587840230368901540e-01
-6.609455001880520930e-01 -3.155964156643040752e+00 1.736841268212203415e+00 6.385025047253199970e-01 6.881409456041438499e-01 3.046790877030754463e-01 -1.610814823589265254e-01
-6.729205499429967707e-01 -3.161495858601100828e+00 1.735585768103568682e+00 6.354919188233908445e-01 6.913146848210510731e-01 3.026146912511176179e-01 -1.632739302519725377e-01
-6.618864814857994272e-01 -3.161270314969705897e+00 1.744144751161134321e+00 6.304408806749992600e-01 6.960129090846595146e-01 3.017271120147890229e-01 -1.645329032031463135e-01
-6.537585583544608392e-01 -3.165177323361285655e+00 1.759441738813938727e+00 6.298243714861362363e-01 6.949431090567020908e-01 3.045103971019227362e-01 -1.662791457565482856e-01
-6.614155535275735298e-01 -3.160202908181450887e+00 1.750150746165706872e+00 6.294574439592867110e-01 6.941399096895936038e-01 3.073983051863780069e-01 -1.657087625592162661e-01
-6.512568188138209146e-01 -3.154443117611943403e+00 1.754323170445115210e+00 6.299253361013088526e-01 6.940297507761391538e-01 3.078889559034346801e-01 -1.634661029325532033e-01
-6.404224290062506819e-01 -3.158218986827674879e+00 1.768455779668112848e+00 6.333117754890305040e-01 6.908766114409127246e-01 3.096646947398299932e-01 -1.603542316951501734e-01
-6.519186388429178969e-01 -3.165471788664127928e+00 1.765135917006895649e+00 6.389999819608409570e-01 6.848410140404564972e-01 3.114783517971670412e-01 -1.601656795440417613e-01
-6.640658020040395293e-01 -3.166406722526150297e+00 1.764037831512371701e+00 6.408943183346738071e-01 6.831749087725784708e-01 3.112041272720944551e-01 -1.602451494389979803e-01
-6.794471428862572937e-01 -3.170632702904752964e+00 1.776996089046118721e+00 6.402831762999421361e-01 6.839885810867560867e-01 3.102608708334162468e-01 -1.610443017305285274e-01
-6.816973263938941319e-01 -3.178751322568125204e+00 1.789117467558367869e+00 6.388237769128628507e-01 6.855225849148229855e-01 3.083166631169882432e-01 -1.640237875031842485e-01
-6.717527988055047583e-01 -3.170228404831354041e+00 1.794472676517528731e+00 6.344681875387214731e-01 6.870270699501489498e-01 3.125002163804396771e-01 -1.666959475188917739e-01
-6.599342234666055740e-01 -3.175431786042095972e+00 1.779887048145462947e+00 6.320701461549025346e-01 6.873344653861628295e-01 3.167129349414494199e-01 -1.665880544121064732e-01
-6.531809427879010643e-01 -3.177899188060156366e+00 1.791153846545853856e+00 6.307708839605529194e-01 6.873801347114623095e-01 3.199886036646336640e-01 -1.650573714695365568e-01
-6.551695492256717213e-01 -3.173016253181277779e+00 1.780240632772147613e+00 6.310335133157898291e-01 6.854394940186543383e-01 3.246955850724237980e-01 -1.629177158760167776e-01
-6.691796404017644750e-01 -3.178531831809735753e+00 1.786481991398760627e+00 6.309255052052357149e-01 6.842662019515093341e-01 3.284026781949653251e-01 -1.608242913951384023e-01
-6.721011986463277799e-01 -3.184206135717306374e+00 1.795066264254209232e+00 6.292341480726975078e-01 6.839043334458346779e-01 3.333095581338894609e-01 -1.588835675890566679e-01
-6.797372708281221865e-01 -3.187754094156471929e+00 1.790569247912569883e+00 6.294047327140539494e-01 6.818732772583366852e-01 3.356180894881036769e-01 -1.620463335175494901e-01
-6.873575261124699187e-01 -3.188185999900206014e+00 1.792273676968456853e+00 6.269202047001916078e-01 6.832744053691414132e-01 3.364269375231049852e-01 -1.640855253059842200e-01
-6.813380862744111699e-01 -3.189888226897244383e+00 1.794827183982029117e+00 6.235417761978977458e-01 6.847973680417419606e-01 3.385477507285009624e-01 -1.662336865251647366e-01
-6.802285698139076686e-01 -3.189801501517366855e+00 1.793680667012287788e+00 6.231064884825275874e-01 6.831828781632277581e-01 3.412827625189006064e-01 -1.688950413808810169e-01
-6.806707363802251276e-01 -3.187784546507860028e+00 1.787358075298475679e+00 6.240739384480723517e-01 6.814399029519959683e-01 3.426296978215919720e-01 -1.696356925454386710e-01
-6.732732390800513222e-01 -3.187077193956135979e+00 1.791118545712570898e+00 6.251022087612992939e-01 6.815240273885999622e-01 3.418779823794995121e-01 -1.670080053706722578e-01
-6.662265504052057308e-01 -3.180505592732501885e+00 1.790582387970892864e+00 6.280673370204827854e-01 6.784380920484421873e-01 3.439565186309297973e-01 -1.641556843882034378e-01
-6.721484834541238129e-01 -3.180130123323030578e+00 1.773382306917540063e+00 6.325026267042002104e-01 6.742829362921261005e-01 3.452371509865445054e-01 -1.615371741001117856e-01
-6.864811892905787749e-01 -3.183573628252263532e+00 1.771922417255230364e+00 6.365764488722083225e-01 6.728050409304300317e-01 3.418222006851519001e-01 -1.589383048815191657e-01
-6.828069124047494443e-01 -3.169261186565116351e+00 1.769383913658647334e+00 6.365413290226199505e-01 6.726683300585707403e-01 3.422256828894166270e-01 -1.587892822365626067e-01
-6.908238312501632228e-01 -3.165423817657798899e+00 1.749880233456585055e+00 6.361554615999382989e-01 6.725610052993008514e-01 3.433320921582566077e-01 -1.584013804283199156e-01
-6.992595665722768361e-01 -3.162320922022497705e+00 1.735590288496895228e+00 6.344682377334049939e-01 6.747053569734492440e-01 3.433567987179342307e-01 -1.559770667533215138e-01
-6.856772569190825450e-01 -3.161186229953739435e+00 1.723570899415923785e+00 6.329089748582024111e-01 6.774540819897171273e-01 3.426339749527749223e-01 -1.519347081725240800e-01
-6.611624965517797214e-01 -3.159671636501864889e+00 1.723335392617928008e+00 6.345257452514632135e-01 6.777816862316716762e-01 3.412674460400435539e-01 -1.467160342134870843e-01
-6.668361156308628690e-01 -3.157282163537760589e+00 1.704432422358836741e+00 6.379542749039690541e-01 6.760464308588354232e-01 3.400791650993268411e-01 -1.425542981467971260e-01
-6.833366977703733136e-01 -3.152380332082072023e+00 1.710906791293909324e+00 6.402599571740996698e-01 6.762233032174772562e-01 3.367349356420434314e-01 -1.392796271649690276e-01
-6.890013980520025560e-01 -3.143342869642258286e+00 1.686665074733530556e+00 6.403326539372860005e-01 6.773875690572579433e-01 3.339441705932018056e-01 -1.400052303135461695e-01
-7.037859601841243151e-01 -3.140969659759255350e+00 1.673250658929041901e+00 6.396436854404616845e-01 6.796328924830628004e-01 3.301586216078477576e-01 -1.412457847486270623e-01
-6.956272004824988198e-01 -3.134025710856118252e+00 1.647631808453557500e+00 6.362812098304255759e-01 6.842250671400180728e-01 3.270839503627049338e-01 -1.414155894132448354e-01
-6.870862485437942979e-01 -3.122147633336649353e+00 1.631436881762295954e+00 6.345160639610077924e-01 6.872649385879554540e-01 3.248077278984481397e-01 -1.398435149035229252e-01
-6.722954769064568570e-01 -3.104848257460983252e+00 1.627463940599593872e+00 6.338171252257068788e-01 6.887690925577280021e-01 3.245781220663156441e-01 -1.360956707016376943e-01
-6.718277485292930562e-01 -3.096853278351693994e+00 1.599494122028630061e+00 6.338126791801161897e-01 6.885958283781690170e-01 3.260524240005746033e-01 -1.334432075980485910e-01
-6.710648682209465754e-01 -3.075003518409352044e+00 1.591853440729807279e+00 6.338496120882197715e-01 6.889913630796409283e-01 3.249046466832918867e-01 -1.340244060642579726e-01
-6.838112994216078988e-01 -3.057371656244144642e+00 1.543919620555983530e+00 6.313639049876939024e-01 6.913206341203067540e-01 3.239266477983983594e-01 -1.361136553189271070e-01
-6.496860369543747682e-01 -3.040409251790355594e+00 1.512458998914801844e+00 6.283208926378969217e-01 6.953755049259467969e-01 3.243124920210848083e-01 -1.284023774810064966e-01
-6.624301127020488789e-01 -3.027401260000774030e+00 1.494955571677405892e+00 6.327239301531502047e-01 6.934248449073578957e-01 3.214320019977922605e-01 -1.245145805456117916e-01
-6.608151577801688603e-01 -3.006030944488132572e+00 1.485331102096374867e+00 6.319774377844329383e-01 6.955313504898604782e-01 3.186636257061233324e-01 -1.236695284579099746e-01
-6.559111681337722599e-01 -2.994751718115056249e+00 1.461049510661660111e+00 6.310243442306942008e-01 6.967122640239969966e-01 3.177494196332497078e-01 -1.242401081354631842e-01
-6.671149366690589666e-01 -2.997729643304485769e+00 1.475437515340192851e+00 6.309408110583142326e-01 6.975364003160231530e-01 3.154604913392994314e-01 -1.258623914408475708e-01
-6.841268597671339435e-01 -2.998718124056021672e+00 1.467545166428799730e+00 6.283640252531119685e-01 6.989294285724578781e-01 3.158166681497934780e-01 -1.300620535046523585e-01
-6.877248777636458810e-01 -2.984233946229360335e+00 1.456740121710739411e+00 6.232826254448897707e-01 7.027357724336665834e-01 3.166347803874448030e-01 -1.319985560889880560e-01
-6.884536849097667721e-01 -2.977073268761199376e+00 1.444132920672088538e+00 6.189262739132344038e-01 7.057908824313140483e-01 3.187301153747864046e-01 -1.311511009861614507e-01
-6.822061884770488360e-01 -2.974925761267060764e+00 1.431754017004988944e+00 6.151957736912189167e-01 7.088704704787596178e-01 3.204303131448908992e-01 -1.279110258482506757e-01
-6.654971955907318382e-01 -2.969034182038010616e+00 1.427833137225575921e+00 6.150856721513408010e-01 7.106311887938748795e-01 3.186754864285543110e-01 -1.229587889378458698e-01
-6.777718877842351386e-01 -2.962517067686592398e+00 1.424140044012268680e+00 6.189097729194614761e-01 7.093738282212673774e-01 3.151856381095969883e-01 -1.199894926605257622e-01
-6.847945265733785813e-01 -2.954359109600568356e+00 1.412518625844279452e+00 6.206450011615765039e-01 7.096527415630543567e-01 3.109695869017310432e-01 -1.203772609231256452e-01
-6.819103596221303132e-01 -2.948550099881814823e+00 1.393260984799801872e+00 6.213083712034358497e-01 7.109032570556474973e-01 3.064111195199234472e-01 -1.212629078273841227e-01
-6.858502462895582630e-01 -2.934678917588613434e+00 1.384438568456409779e+00 6.215859713600585534e-01 7.123660690274536966e-01 3.021220555820745557e-01 -1.220152754273298723e-01
-6.770185147127949499e-01 -2.924265218458627302e+00 1.369000824759385893e+00 6.215867944673892920e-01 7.136243963793911238e-01 2.990685188272375061e-01 -1.221805994517445038e-01
-6.681983827145330235e-01 -2.923800612396572962e+00 1.380934335788298384e+00 6.243777968972111792e-01 7.126588262406090557e-01 2.948915170901008631e-01 -1.237285628763261647e-01
-6.626518324113468417e-01 -2.910776042268556019e+00 1.378677694069474935e+00 6.261544577649780230e-01 7.098069487009358580e-01 2.958029796168568648e-01 -1.288615064583017722e-01
-6.728977310885280172e-01 -2.923050749946291216e+00 1.387411097842230934e+00 6.275587523459182915e-01 7.079572646213213583e-01 2.951159772950170401e-01 -1.336902530820309742e-01
-6.598799290850390076e-01 -2.918032074094552453e+00 1.391260882545422461e+00 6.308032844711589648e-01 7.045094044621903473e-01 2.938918647646891480e-01 -1.392166913479191692e-01
-6.636069834158080383e-01 -2.921000396741773031e+00 1.405219522270317656e+00 6.353907907551866741e-01 6.990758796223670579e-01 2.945499822370720722e-01 -1.442628348461679755e-01
-6.716631033403948070e-01 -2.915852979198829242e+00 1.390917702364687258e+00 6.375255836260155240e-01 6.943226406066574929e-01 2.969274007199559362e-01 -1.526804495179303889e-01
-6.722039476831332960e-01 -2.926648469242368655e+00 1.397437461332177167e+00 6.383799003602457223e-01 6.930587290103210618e-01 2.962501174666078985e-01 -1.561299742511409461e-01
-6.563517635855754540e-01 -2.928828033426309485e+00 1.390117523408023414e+00 6.394605829952006992e-01 6.906483418018303233e-01 2.980684350109767400e-01 -1.589032372606913601e-01
-6.587915834227724421e-01 -2.924410233251324875e+00 1.377299722453416919e+00 6.414353490860466023e-01 6.870743535895723619e-01 3.012254922221002662e-01 -1.604765665693475007e-01
-6.590307171081410953e-01 -2.918642854861076330e+00 1.363741901363814346e+00 6.436573459681504961e-01 6.851301596132650662e-01 3.016026558639532951e-01 -1.591782753561185870e-01
-6.635824058337476128e-01 -2.928128361332655416e+00 1.380426311772148029e+00 6.456157149270510542e-01 6.841865206130504085e-01 3.005959752170808685e-01 -1.571980067746804322e-01
-6.753543282854294061e-01 -2.929142404741406303e+00 1.373318227703935079e+00 6.455890048698491590e-01 6.821391189524871335e-01 3.020199365675831360e-01 -1.633554930254733362e-01
-6.803331606476246129e-01 -2.924451796358277456e+00 1.361605749584764435e+00 6.447561944738583462e-01 6.812973968452193940e-01 3.014662364547680551e-01 -1.710012134966110986e-01
-6.716852646490454326e-01 -2.921659508212417045e+00 1.378080357389427357e+00 6.427867784374978744e-01 6.827458353965415450e-01 2.995749524933108421e-01 -1.758923806003321322e-01
-6.593382369632483364e-01 -2.921875755774727246e+00 1.373609303087793831e+00 6.409289006953298173e-01 6.820539786294386175e-01 3.021511173383169546e-01 -1.808790114425554985e-01
-6.620766863193936480e-01 -2.917245401011845374e+00 1.360308116900255326e+00 6.411239143513628447e-01 6.797559081564048533e-01 3.044880303508364361e-01 -1.848758262897440552e-01
-6.735037674072599234e-01 -2.917077913468101080e+00 1.351001115644742345e+00 6.419129206538253252e-01 6.790291979203594286e-01 3.026012045955622787e-01 -1.878820418417466165e-01
-6.837490477757059981e-01 -2.917102651393643331e+00 1.332445878153949881e+00 6.399210624289112248e-01 6.812258473836025896e-01 2.996474952351784182e-01 -1.914255921125222748e-01
-6.692163754393151143e-01 -2.912385474957569720e+00 1.339141899499953325e+00 6.366885237292546629e-01 6.857649317973206760e-01 2.957726593339354837e-01 -1.920226967288253261e-01
-6.866601187758565317e-01 -2.922258473074471397e+00 1.349340328132711431e+00 6.370878124638471585e-01 6.847825897500176007e-01 2.952839475094548582e-01 -1.949341281780148094e-01
-6.940748952247941528e-01 -2.920429126244057816e+00 1.335196918464664151e+00 6.382716465270774631e-01 6.826378406667146237e-01 2.941365095492147197e-01 -2.002463419883204476e-01
-7.092086053740129792e-01 -2.927952434876047061e+00 1.336128701591224432e+00 6.376614897470102017e-01 6.829833697676610527e-01 2.908163113856985227e-01 -2.057848734636505972e-01
-6.897012360145629017e-01 -2.925979127016498982e+00 1.323190152220037330e+00 6.344832560968253210e-01 6.841267868866131030e-01 2.908604833704744874e-01 -2.116641594849321129e-01
-6.768693808734792539e-01 -2.921336312150340397e+00 1.309848781381062643e+00 6.342207983941691163e-01 6.826196205419424734e-01 2.927982999896067695e-01 -2.146242951267012533e-01
-6.730965948169309598e-01 -2.914378803265885942e+00 1.291368493029868780e+00 6.374974599562935884e-01 6.794412587275314719e-01 2.934737153586524649e-01 -2.140788239915620839e-01
-6.882504443748580503e-01 -2.928186075988237214e+00 1.299389170502042834e+00 6.398182139038237626e-01 6.775588853326296457e-01 2.930518302106674966e-01 -2.136989351258062886e-01
-6.959345701003792906e-01 -2.928662004060024859e+00 1.282424765652430576e+00 6.390108798439323445e-01 6.772520031079851677e-01 2.936892634688918480e-01 -2.161976786424982810e-01
-6.991807716431127639e-01 -2.922214206626462030e+00 1.266215024390898058e+00 6.374400932068901016e-01 6.791002864560389263e-01 2.904840921530536524e-01 -2.193442971990232082e-01
-6.843858287023123488e-01 -2.921463328028625739e+00 1.247823070186892425e+00 6.353957981959397205e-01 6.828842743441619900e-01 2.858333885551752052e-01 -2.196372497447962868e-01
-6.589691141653969408e-01 -2.906566884684031127e+00 1.224152964661527676e+00 6.372158837754644534e-01 6.851307886974526973e-01 2.808653749074080386e-01 -2.136968905276376285e-01
-6.622970803845129595e-01 -2.898983522167682292e+00 1.202162650617959017e+00 6.400165612614758803e-01 6.842029412179223558e-01 2.795161524692370558e-01 -2.100377514842846349e-01
-6.739227906659266409e-01 -2.891687618879620558e+00 1.213179559868820867e+00 6.420931390286405138e-01 6.827850493804411558e-01 2.781550388913156535e-01 -2.101208021454939734e-01
-6.883508689824647808e-01 -2.898655391026436767e+00 1.207914176814840701e+00 6.412096423559214831e-01 6.825673729367583986e-01 2.766716587212685319e-01 -2.154176622573581446e-01
-6.781658728713960693e-01 -2.917404763350524455e+00 1.217508243152726211e+00 6.382155895222739739e-01 6.859763456903640311e-01 2.749992667201967000e-01 -2.156217005484012961e-01
-6.476392349779864777e-01 -2.919503647113464773e+00 1.182548093842846981e+00 6.381048571466563235e-01 6.861301331649461988e-01 2.745072914433359657e-01 -2.160865071987189689e-01
-6.615819796826424293e-01 -2.923413840173414435e+00 1.167136387493868277e+00 6.424980584902405534e-01 6.845399856361988888e-01 2.700745516516797617e-01 -2.136843219602410637e-01
-6.488215846525335895e-01 -2.911637360489307103e+00 1.177852100142323444e+00 6.448564232760857218e-01 6.839201377373903545e-01 2.672655167192215520e-01 -2.120909760684084877e-01
-6.461344295467865706e-01 -2.939969698959677746e+00 1.170186219619633095e+00 6.466256992078363020e-01 6.831714530046660849e-01 2.660715552815060558e-01 -2.106131486720388135e-01
-6.421425915751516333e-01 -2.943023657369073121e+00 1.151434625832646441e+00 6.496600307933844132e-01 6.810182295486939541e-01 2.653436722033127304e-01 -2.091620210113731004e-01
-6.555399874724439080e-01 -2.936402925930388985e+00 1.125579970117564166e+00 6.538717179424959891e-01 6.784311711629880115e-01 2.631250939180199699e-01 -2.072392516392065898e-01
-6.443782274113487585e-01 -2.933062553425256791e+00 1.106124659261631837e+00 6.552695438744495782e-01 6.790786172512455199e-01 2.612272579326314070e-01 -2.030624932765913160e-01
-6.330986309973644088e-01 -2.919829428798177862e+00 1.089660526578828392e+00 6.587851857532254218e-01 6.777133735654643498e-01 2.603247566366375665e-01 -1.973263373315411462e-01
-6.053068969016877077e-01 -2.902561891132789285e+00 1.047129575097513587e+00 6.620532812869666106e-01 6.782348203677214249e-01 2.566428956162534192e-01 -1.892548686497396437e-01
-6.222230221690370211e-01 -2.898849919306751399e+00 1.059377547981527945e+00 6.655722791319651499e-01 6.784430160056840187e-01 2.513388804844710056e-01 -1.831867419902584448e-01
-6.473552079708001505e-01 -2.893608351628213615e+00 1.059895917076053795e+00 6.662902699848893828e-01 6.790637979723364026e-01 2.483698385842934286e-01 -1.823240458317588186e-01
-6.619210107533204379e-01 -2.901424698842113958e+00 1.050596158258357171e+00 6.634644445336684848e-01 6.817124539389644022e-01 2.478028105250738855e-01 -1.835124739085065293e-01
-6.621171539582462184e-01 -2.909891621352903801e+00 1.033040143496236851e+00 6.614413013697710841e-01 6.833204997694022342e-01 2.476828785714181025e-01 -1.849910568101446329e-01
-6.508677685319118611e-01 -2.921061295948145453e+00 1.014825556984748633e+00 6.606039838954119725e-01 6.841826042930907459e-01 2.462393536589272403e-01 -1.867156157204535594e-01
-6.402941338208920641e-01 -2.922843680719141801e+00 9.995942591743289807e-01 6.613572894634149879e-01 6.842315826689382430e-01 2.451336398845848086e-01 -1.853191181419210631e-01
-6.552092122929288331e-01 -2.938405553205191367e+00 9.891478031063949405e-01 6.643339190428390051e-01 6.826800018695787786e-01 2.440789349353649496e-01 -1.817523935945608848e-01
-6.662056431685130509e-01 -2.943447032661863805e+00 9.754862343954763260e-01 6.669070465806631320e-01 6.803531988224567062e-01 2.445539640726702713e-01 -1.804102955195495406e-01
-6.791995202372941298e-01 -2.942032548068906017e+00 9.613095154588233715e-01 6.681375610726699721e-01 6.794703074384851327e-01 2.450261952785965647e-01 -1.785342107849641202e-01
-6.918232198233265073e-01 -2.946228538962125221e+00 9.462485528669013490e-01 6.684850538305791012e-01 6.798503973213593232e-01 2.443061831732243061e-01 -1.767644164713269295e-01
-6.677578773378634036e-01 -2.935612844965553858e+00 9.561534955675586867e-01 6.699650235740453041e-01 6.790485032793434073e-01 2.434682966786560210e-01 -1.753943724693199091e-01
-6.772139676202357794e-01 -2.948619521908958596e+00 9.397999482617804823e-01 6.732022169082869656e-01 6.757562076705553311e-01 2.442841920764789454e-01 -1.745782244325418120e-01
-6.944469084572200135e-01 -2.961482830383327158e+00 9.276874303223476836e-01 6.778774591106621061e-01 6.715607361436481959e-01 2.438546461487013650e-01 -1.732721548650149879e-01
-7.233510592623628721e-01 -2.951130869348329355e+00 9.247471065239295518e-01 6.862224256802088584e-01 6.612655617215559278e-01 2.476874054617308474e-01 -1.745783163805899041e-01
-7.260536365794132418e-01 -2.973998106682949949e+00 9.208385887415763138e-01 6.947783228575196146e-01 6.526881287955919042e-01 2.490793145433298494e-01 -1.709993674936436392e-01
-7.055764202092374981e-01 -2.983409901927194241e+00 9.163879108129702189e-01 6.979566971318588164e-01 6.506419715202413911e-01 2.508242729431965912e-01 -1.631216047234599342e-01
-7.289279386684150985e-01 -2.997848666492363812e+00 9.040050207411576277e-01 7.018531601856012880e-01 6.468127091466860934e-01 2.529742935494762590e-01 -1.582386413836785466e-01
-7.229154925402825338e-01 -2.994693403670985354e+00 8.812114628649464487e-01 7.003161768198991055e-01 6.484802170046145564e-01 2.529197712002372311e-01 -1.583106123228246731e-01
-7.414329846640841382e-01 -3.000039959183791183e+00 8.676973548650501744e-01 7.002998716369818188e-01 6.521421071742550257e-01 2.482945493022438166e-01 -1.504678657466267111e-01
-7.642935655489336844e-01 -3.003171453802774504e+00 8.482322333946905601e-01 7.014592867585190961e-01 6.526379682347424049e-01 2.459655307572349847e-01 -1.466952934417756205e-01
-7.833457869906774729e-01 -3.009190021677075055e+00 8.378567614470655567e-01 7.037122807211984021e-01 6.518170783997977447e-01 2.425026971813031285e-01 -1.453133308692442782e-01
-8.041416959231479922e-01 -3.002544218678214971e+00 8.332228553262294168e-01 7.031699202898211709e-01 6.540330068467756774e-01 2.378645222338435228e-01 -1.456480628674386713e-01
-7.779432696309440676e-01 -3.004783601796149561e+00 8.450311504876255597e-01 6.979325785038906771e-01 6.603145480590411065e-01 2.357410667989482955e-01 -1.459484940278195364e-01
-7.652421662434504279e-01 -3.022399280677332989e+00 8.421291359982671088e-01 6.941973650270066853e-01 6.658182759245446780e-01 2.347516051501868373e-01 -1.402416689641075576e-01
-7.838278301585708263e-01 -3.015397468782404111e+00 8.347717632900374385e-01 6.930981879210372787e-01 6.666376170002495938e-01 2.368718984469267430e-01 -1.382059811547667882e-01
-7.931044221882346257e-01 -3.025958486054503016e+00 8.064176748004482365e-01 6.932237991797611798e-01 6.655146137861043254e-01 2.393460691818512232e-01 -1.387246274282512293e-01
-7.835268472180216826e-01 -3.044186061002449595e+00 7.950056711730549841e-01 6.924979049652071339e-01 6.689635874508627067e-01 2.345857066681804048e-01 -1.338055174896064237e-01
-8.108758965947369113e-01 -3.059989606220305358e+00 7.895317946894249150e-01 6.945290490387723281e-01 6.691096271528039763e-01 2.300559012877484988e-01 -1.303686663865829265e-01
-8.163234429725916286e-01 -3.081197256554871089e+00 7.809807064061847770e-01 6.959837477877963696e-01 6.709140552746166719e-01 2.228469404515504848e-01 -1.257783541854674836e-01
-8.409034472747948241e-01 -3.083183094279299929e+00 7.828633961216070469e-01 6.989834435620195796e-01 6.704332653927284058e-01 2.180427049614191426e-01 -1.199948377811804329e-01
-8.650026885000174914e-01 -3.093841997333757199e+00 7.721976070742817555e-01 7.022953370620476088e-01 6.685373002182130042e-01 2.146474932693004378e-01 -1.173268570748127598e-01
-8.824766502097040055e-01 -3.098357114299315818e+00 7.643226671196704514e-01 7.049513925329945474e-01 6.671458359564934604e-01 2.119292490611873192e-01 -1.142189175402418960e-01
-9.002272285803135654e-01 -3.104786589148151865e+00 7.641253004023348394e-01 7.074662313947652770e-01 6.664036540340411152e-01 2.088548827779332651e-01 -1.085234503044486543e-01
-9.207751245286404096e-01 -3.114953828395223834e+00 7.596133134913024554e-01 7.115602910564367001e-01 6.638591055238290961e-01 2.052777940122268996e-01 -1.040868266893289484e-01
-9.350398802402664078e-01 -3.118812799345251019e+00 7.598941189682257846e-01 7.160084595941027530e-01 6.611763005058781673e-01 2.017628200496087432e-01 -9.731161228070434044e-02
-9.491009549582607452e-01 -3.122249830882102728e+00 7.600741820121496017e-01 7.195957717461984871e-01 6.592058896337907870e-01 1.977122638496282558e-01 -9.240877166465696901e-02
-9.530523616232764450e-01 -3.119157708674253904e+00 7.615998801492103176e-01 7.222704321261150806e-01 6.578087487775753361e-01 1.940050470267160598e-01 -8.930349733463585626e-02
-9.596366511775249464e-01 -3.106128528229973540e+00 7.637145379042448168e-01 7.224602069932634096e-01 6.572436219211487129e-01 1.930573927603806972e-01 -9.386646821834201959e-02
-9.552574512495146664e-01 -3.114337146058853367e+00 7.607627831249331729e-01 7.202661531258905958e-01 6.590942053317652150e-01 1.933721068774850449e-01 -9.705011819200722034e-02
-9.432106802279927038e-01 -3.112528372675140709e+00 7.632723233250503503e-01 7.167561989673358891e-01 6.629165097596610989e-01 1.936907356238766476e-01 -9.636467850539165436e-02
-9.366960989218915401e-01 -3.100252460861019355e+00 7.746573629263474592e-01 7.138011572733918841e-01 6.657064068713501870e-01 1.955015147576259493e-01 -9.540464062652670441e-02
-9.539369545200369060e-01 -3.074745827157702838e+00 7.774493318107636997e-01 7.122212298209251724e-01 6.656932204307114409e-01 1.992632064874441111e-01 -9.943656573564474410e-02
-9.735007316767825269e-01 -3.056067473657142042e+00 7.709098695962596226e-01 7.102619326496728558e-01 6.663936810576076564e-01 2.017895006594178919e-01 -1.035782134373135766e-01
-9.895210899118751513e-01 -3.028864523301616707e+00 7.776546875590729657e-01 7.092777047931794199e-01 6.658063667829428045e-01 2.041832776588388965e-01 -1.092529567522563111e-01
-9.502314687407794613e-01 -3.009902745683479708e+00 7.934972035638949706e-01 7.038059366292550578e-01 6.696609356675444769e-01 2.082319371804513819e-01 -1.133617887313115719e-01
-9.297352414719377567e-01 -3.009362659436926712e+00 8.262681718535062059e-01 6.991663076377619968e-01 6.729723692205225039e-01 2.116681335113883844e-01 -1.160657821483151581e-01
-9.307148170395436182e-01 -2.975634272700006022e+00 8.496200336354695626e-01 6.958653488557502431e-01 6.714511742757776069e-01 2.202914810443037386e-01 -1.280484291385551587e-01
-8.833702866012722588e-01 -3.001394530959775153e+00 8.685367865062353365e-01 6.915962448810660801e-01 6.747370927101674631e-01 2.236694617138052787e-01 -1.280486692008010463e-01
-8.875329515822409920e-01 -2.968528256903757434e+00 8.928359057983491498e-01 6.901759364412697328e-01 6.747547058796738995e-01 2.290915570178260752e-01 -1.260171502367805063e-01
-9.126780885109941899e-01 -2.936839307437817403e+00 8.934569019917479871e-01 6.921271008167450001e-01 6.700855407908113959e-01 2.357109078059978213e-01 -1.280070790205200260e-01
-9.309531841106502004e-01 -2.903792601037121557e+00 9.135965946441801933e-01 6.929654391518336176e-01 6.676854717736573352e-01 2.387910252258553245e-01 -1.302837564513695812e-01
-9.270085812563422234e-01 -2.863104089821105980e+00 9.513052208717351910e-01 6.897194371943856650e-01 6.695463544163384739e-01 2.405218740804969391e-01 -1.346996857192187813e-01
-8.974818689477452871e-01 -2.822013467586375057e+00 9.691246057982267903e-01 6.808926139129198862e-01 6.749504020432208762e-01 2.461180806590659298e-01 -1.423133636494598175e-01
-9.476036468866855245e-01 -2.767663677696978741e+00 9.553206661694350066e-01 6.682718674697697425e-01 6.819865473690499558e-01 2.574476728593095287e-01 -1.484175060275400027e-01
-9.235795108537347975e-01 -2.761285117050131355e+00 9.819301916718020662e-01 6.637875980494951644e-01 6.850862430025890237e-01 2.607184406852725567e-01 -1.485555754959050900e-01
-9.690696146195738603e-01 -2.705786529025904663e+00 1.009409818344688903e+00 6.580461888995772224e-01 6.848250797901499487e-01 2.719675962068953123e-01 -1.549949998503177273e-01
-9.586543246617578173e-01 -2.698878931024411898e+00 1.037743740942040693e+00 6.546615230374344119e-01 6.876477733831843908e-01 2.731937247202333996e-01 -1.546739111451589932e-01
-9.614060388791281220e-01 -2.730042611168478572e+00 1.060376796707397151e+00 6.531244688546781196e-01 6.871264331003669179e-01 2.781967310767223256e-01 -1.545712519723108080e-01
-9.734595991363796941e-01 -2.739882190362524117e+00 1.039045334322125758e+00 6.532089518877884915e-01 6.862195544659011048e-01 2.807671554186668694e-01 -1.535922936881516376e-01
-9.722870678474681005e-01 -2.710781771959270170e+00 1.022401264544712030e+00 6.508353789748203555e-01 6.882239380995855971e-01 2.813541403597984991e-01 -1.536260661600060973e-01
-9.769755390900880521e-01 -2.725430994898228043e+00 1.043290927359889153e+00 6.499925005811847400e-01 6.885800120208286357e-01 2.823400643153343159e-01 -1.537901307497561154e-01
-9.891311535901652352e-01 -2.737225202092336662e+00 1.027740606225071796e+00 6.483341175794576916e-01 6.885901669035184858e-01 2.831377083209414280e-01 -1.591838313178065289e-01
-9.744779103272065424e-01 -2.735698288072880402e+00 1.053421354230426488e+00 6.449078538830417262e-01 6.920913575078764257e-01 2.810848258799567012e-01 -1.615386440543204183e-01
-9.745006544695471451e-01 -2.748549197504051467e+00 1.069185199323282376e+00 6.438141247715950533e-01 6.919813815406865576e-01 2.830811545506581317e-01 -1.628809389827247933e-01
-9.826003205861371104e-01 -2.780199015143689500e+00 1.040152571048082564e+00 6.429666633054013092e-01 6.909445123637562025e-01 2.865061241103228906e-01 -1.646322919709558852e-01
-9.827862994757570192e-01 -2.763793427464219743e+00 1.046418303257583782e+00 6.407622114867623786e-01 6.906328612864016669e-01 2.909994693536682164e-01 -1.666413756479312724e-01
-9.860837931300687753e-01 -2.776276523870036428e+00 1.037235959416527242e+00 6.396545858964058917e-01 6.903829825545609866e-01 2.935675509371615810e-01 -1.674259274351591054e-01
-9.689190576140427336e-01 -2.768590196784502133e+00 1.049181830689982498e+00 6.386165441328525150e-01 6.906214302459497967e-01 2.950878426186324122e-01 -1.677322711452165771e-01
-9.758998790659640932e-01 -2.779493024281459501e+00 1.038962208756840866e+00 6.386042948864923963e-01 6.907320878797786889e-01 2.948957247860551911e-01 -1.676611130485375356e-01
-9.634089052577068379e-01 -2.762948714962122132e+00 1.040265390341715168e+00 6.368693837455194906e-01 6.923317141169917921e-01 2.950387989854300064e-01 -1.674105515451918269e-01
-9.561882276852242679e-01 -2.774055066650713997e+00 1.030925021281819287e+00 6.349984087300127866e-01 6.935585524154403991e-01 2.965202032091926454e-01 -1.668212347710254229e-01
-9.684633891270335582e-01 -2.784078753457825517e+00 1.023174754933876329e+00 6.360838955959974284e-01 6.938710787174704464e-01 2.953502090238778188e-01 -1.634272251261273123e-01
-9.651560131719524316e-01 -2.763196136353726295e+00 1.011937151579638705e+00 6.352811429390515796e-01 6.941723691287048359e-01 2.961439698568724133e-01 -1.638332703748084651e-01
-9.557431428802589668e-01 -2.778137235168111285e+00 1.018057591200245859e+00 6.340142497165572877e-01 6.943024900553699252e-01 2.990840700211410685e-01 -1.628456401591797942e-01
-9.431239911737541171e-01 -2.790071507518383065e+00 1.020110259080753590e+00 6.338820211248450409e-01 6.940381457376159080e-01 3.019214936058225440e-01 -1.592107008168819893e-01
-9.488773970567296878e-01 -2.804614385074712946e+00 1.038611656380056258e+00 6.341085703566040621e-01 6.938287932433041538e-01 3.044567302236076412e-01 -1.543179383234283553e-01
-9.617990889421510481e-01 -2.811913671313472030e+00 1.030380445207366158e+00 6.341753995831383994e-01 6.929544016897488667e-01 3.072058600417812424e-01 -1.525133413782489289e-01
-9.666646762190218567e-01 -2.820796729996774221e+00 1.043881519216045550e+00 6.327054238506384376e-01 6.949180287867917638e-01 3.068890624582508719e-01 -1.503059654190724570e-01
-9.674522354643826372e-01 -2.837395279341365040e+00 1.060515940606634455e+00 6.313093441110312343e-01 6.954502936338794461e-01 3.089413101989483268e-01 -1.495080866548940957e-01
-9.682637006093843812e-01 -2.852620261402593282e+00 1.057773425142615631e+00 6.302548535319120182e-01 6.952050519665212702e-01 3.112589644084747253e-01 -1.502884306760115529e-01
-9.815916633735763952e-01 -2.851497646880624348e+00 1.052763597782369498e+00 6.300320965817127750e-01 6.951658254401960058e-01 3.116171660527620735e-01 -1.506611238446983747e-01
-9.787857573922004173e-01 -2.856498211616273597e+00 1.072521991406667929e+00 6.277567508573300703e-01 6.979820363062330113e-01 3.104506586379814359e-01 -1.495423929797033979e-01
-1.009302254605732196e+00 -2.866791790235432735e+00 1.070577174424705458e+00 6.283134817254450999e-01 6.963858190016073424e-01 3.123580054027478847e-01 -1.506699579754582352e-01
-1.022350143740004214e+00 -2.884162314376706782e+00 1.089071695924452632e+00 6.313803250347967966e-01 6.947654978685516847e-01 3.090740614970005629e-01 -1.520954063743091556e-01
-1.031648002409974119e+00 -2.891790218151201852e+00 1.095704214639680263e+00 6.310906704379711796e-01 6.948416924991055454e-01 3.081619199643337303e-01 -1.547766750354397647e-01
-1.016355570021774790e+00 -2.882173328423967007e+00 1.100210768345970980e+00 6.296033179566087323e-01 6.954313055972529689e-01 3.081306455462149985e-01 -1.582101971701019849e-01
-1.018476791707957130e+00 -2.888075062129610071e+00 1.088899311208356924e+00 6.290024953352302273e-01 6.962607202708250842e-01 3.067595786467571806e-01 -1.596102477238523498e-01
-1.029115885266498776e+00 -2.891252063662833383e+00 1.091504333262943938e+00 6.295842506445237241e-01 6.981832036148610809e-01 3.009558575972069994e-01 -1.599670506960494398e-01
-1.022720939061912970e+00 -2.876409252540587325e+00 1.090876830074088533e+00 6.278500176486088158e-01 6.980341485627464815e-01 3.039210138333266475e-01 -1.618168722026415984e-01
-1.015601213527143720e+00 -2.878761892421211943e+00 1.079305138001938502e+00 6.281749520651008778e-01 6.965832949837139632e-01 3.063373049794141934e-01 -1.622510348983630113e-01
-1.020699154563583066e+00 -2.885926642112288665e+00 1.077657464565356493e+00 6.309014216683621612e-01 6.968169967893370620e-01 3.009788633164164340e-01 -1.606897413000798469e-01
-1.019406692227887490e+00 -2.887874735681442040e+00 1.086571321627267883e+00 6.312782771887250899e-01 6.986277317958635713e-01 2.960620970012183273e-01 -1.604813504262823376e-01
-1.019155803127068216e+00 -2.893187123873901090e+00 1.096240046524574296e+00 6.315099660371539247e-01 6.980132806981597104e-01 2.956359827445465549e-01 -1.630091668324549214e-01
-1.020799027283827654e+00 -2.891183973309876531e+00 1.090582600508552158e+00 6.311812723098219058e-01 6.970875130678240161e-01 2.972782240719448743e-01 -1.652418170527703845e-01
-1.017326023241304167e+00 -2.891543043145182512e+00 1.087542223059443813e+00 6.317598000841340156e-01 6.992983653426437796e-01 2.917654875625477207e-01 -1.635061206626534924e-01
-1.016626094190024032e+00 -2.884527064882299818e+00 1.084241355375391791e+00 6.337479056318363613e-01 6.982988054743577422e-01 2.908381459367819222e-01 -1.617267548935585053e-01
-1.019100169997778416e+00 -2.889056627041123093e+00 1.082368411426267052e+00 6.343693811070876265e-01 6.981109452815472682e-01 2.905908100590940957e-01 -1.605415133263504990e-01
-1.016478879538345481e+00 -2.886393128534763264e+00 1.075136476273461872e+00 6.347872493594470811e-01 6.991760203141770269e-01 2.878641620929124345e-01 -1.591611285799457987e-01
-1.015408037935742636e+00 -2.880169024020233337e+00 1.072120830668966462e+00 6.350369954896687430e-01 7.000163200659769158e-01 2.864755324606604314e-01 -1.569615726925648047e-01
-1.016654084323023399e+00 -2.873197875184316796e+00 1.072929539902482299e+00 6.343899833324877502e-01 7.008555813367901566e-01 2.864925623626768392e-01 -1.557973519266094287e-01
-1.010978462724166471e+00 -2.869742361756322246e+00 1.076779072533137871e+00 6.341925332293181228e-01 7.018806064028417779e-01 2.848113569365740561e-01 -1.550675211374285822e-01
-1.006542348662911479e+00 -2.862546366985045498e+00 1.081511076463789855e+00 6.344313730737531909e-01 7.009867255376978079e-01 2.865296095363131235e-01 -1.549684688530433285e-01
-1.011765045985390632e+00 -2.865625777588455492e+00 1.076284284633261645e+00 6.338240607285935413e-01 6.999736588882784494e-01 2.895893045411274125e-01 -1.563392836092659943e-01
-1.016103492998314817e+00 -2.872257208485081925e+00 1.076067830003957670e+00 6.326029941993861483e-01 7.020613442024583595e-01 2.865284303095932406e-01 -1.575588122922010337e-01
-1.015284908562676058e+00 -2.870749268610484073e+00 1.082244195770789563e+00 6.310093498693787328e-01 7.046862831096861735e-01 2.832154520766543282e-01 -1.582196273522841479e-01
-1.014887453480617152e+00 -2.874126906075419097e+00 1.087541689577180115e+00 6.299959019220939815e-01 7.055448033593531010e-01 2.828816692015001522e-01 -1.590272154184684539e-01
-1.013097836865001433e+00 -2.873268625940797349e+00 1.081457683948284565e+00 6.294542079006555380e-01 7.060132867750913421e-01 2.825929175751580869e-01 -1.596053946129357415e-01
-1.015985799226795105e+00 -2.873215697367077048e+00 1.073692644136221119e+00 6.303677399301124140e-01 7.068352281779489710e-01 2.803685483105393672e-01 -1.562496392964469460e-01
-1.019151889442942549e+00 -2.868929295309956107e+00 1.076204237242747830e+00 6.318301022777746967e-01 7.076540970165519084e-01 2.776115986416320958e-01 -1.514866368066253854e-01
-1.026551000701333649e+00 -2.871132652340860236e+00 1.073873964753821575e+00 6.332320047222088633e-01 7.077480831518178084e-01 2.759310771647998095e-01 -1.482292806603786595e-01
-1.035970847274837903e+00 -2.870571847108593477e+00 1.078829765533819707e+00 6.342556223271285099e-01 7.079113452194837341e-01 2.744114250423078105e-01 -1.458756410858844665e-01
-1.040944564993124599e+00 -2.877564664275998663e+00 1.076810477989460502e+00 6.301631769327062926e-01 7.113209794358529292e-01 2.736570305842006556e-01 -1.484205655033545290e-01
-1.037313174731368637e+00 -2.888193963040504908e+00 1.076413872865142451e+00 6.261633381344564597e-01 7.153853159605504386e-01 2.719347699968466814e-01 -1.489792084523879623e-01
-1.030388563990437323e+00 -2.890459964478424570e+00 1.076980865425218425e+00 6.226746575650422555e-01 7.187415644683898819e-01 2.715120086459742454e-01 -1.482162726991104462e-01
-1.030416453120010845e+00 -2.891482783853897232e+00 1.070113731530836221e+00 6.212577958052110105e-01 7.199926645278234005e-01 2.716241942884469740e-01 -1.478837761707748610e-01
-1.022068827419653658e+00 -2.891721198191865572e+00 1.057807280386591442e+00 6.201279054543800129e-01 7.242838666880622167e-01 2.666834355869709960e-01 -1.404784912920225837e-01
-1.028627734871061961e+00 -2.893024240339624242e+00 1.062375131791549077e+00 6.209201956298241454e-01 7.245690258715952181e-01 2.653951741417182597e-01 -1.379247582879720713e-01
-1.034659890673426119e+00 -2.895833210688337989e+00 1.059392388148594044e+00 6.191343087070514395e-01 7.259578064670215714e-01 2.658552211842628576e-01 -1.377641912127332280e-01
-1.034434109589791539e+00 -2.905113879780039099e+00 1.055624202179251014e+00 6.166934647184939555e-01 7.287186717343685505e-01 2.649059350278299418e-01 -1.359526153710490792e-01
-1.041970248649897179e+00 -2.918511367212996976e+00 1.056422396700939625e+00 6.148833408168909997e-01 7.293671883407895074e-01 2.682702093761550888e-01 -1.340637032122574679e-01
-1.045260044249241016e+00 -2.921428706498308436e+00 1.050939539771527098e+00 6.140000027480516653e-01 7.302052536984001696e-01 2.685604974813980972e-01 -1.329644437027860948e-01
-1.043607391272882934e+00 -2.922403288891346929e+00 1.054767265725108594e+00 6.129428322599892454e-01 7.313329261434611261e-01 2.685444241789743391e-01 -1.316705273093732587e-01
-1.045370726694379471e+00 -2.924025718024606313e+00 1.052641480132665786e+00 6.119003171005956698e-01 7.307823326970693811e-01 2.716002106954883422e-01 -1.332985735114476378e-01
